data/all/145_1479427782.jpg,163,3,246,82,5
data/all/140_1479427104.jpg,364,269,446,350,50
data/all/145_1479429012.jpg,517,175,570,244,10
data/all/150_1479429558.jpg,41,310,106,381,10
data/all/150_1479429534.jpg,48,84,119,151,10
data/all/145_1479427794.jpg,96,327,171,398,10
data/all/145_1479428862.jpg,295,162,361,227,10
data/all/150_1479429498.jpg,10,179,93,261,25
data/all/140_1479427134.jpg,95,56,179,139,50
data/all/135_1479426078.jpg,285,254,389,349,100
data/all/150_1479429642.jpg,202,84,276,168,50
data/all/150_1479429852.jpg,6,73,99,167,100
data/all/145_1479428910.jpg,262,95,330,163,10
data/all/140_1479427434.jpg,524,214,597,284,10
data/all/145_1479427692.jpg,336,44,413,121,50
data/all/140_1479427368.jpg,90,258,171,342,50
data/all/145_1479427602.jpg,463,205,528,274,10
data/all/145_1479427926.jpg,136,231,207,304,5
data/all/150_1479429540.jpg,28,361,110,443,25
data/all/135_1479426810.jpg,152,111,224,183,10
data/all/140_1479427434.jpg,333,320,412,400,5
data/all/150_1479429738.jpg,257,270,340,349,50
data/all/145_1479428904.jpg,118,364,192,435,5
data/all/150_1479429630.jpg,376,190,438,248,10
data/all/145_1479427692.jpg,159,131,232,197,10
data/all/140_1479427308.jpg,271,303,354,381,50
data/all/140_1479427158.jpg,290,301,361,371,10
data/all/140_1479427464.jpg,378,65,445,132,10
data/all/150_1479430098.jpg,457,28,530,105,10
data/all/150_1479429528.jpg,29,358,104,439,25
data/all/140_1479427458.jpg,191,283,267,357,50
data/all/145_1479427698.jpg,534,211,607,282,5
data/all/145_1479428880.jpg,474,63,543,133,5
data/all/150_1479429564.jpg,282,8,355,86,5
data/all/145_1479427836.jpg,509,27,591,106,5
data/all/140_1479427206.jpg,331,276,419,362,25
data/all/145_1479428880.jpg,305,331,366,388,10
data/all/145_1479427602.jpg,240,303,312,375,50
data/all/145_1479427596.jpg,454,19,517,83,10
data/all/145_1479428964.jpg,137,79,205,146,10
data/all/145_1479427698.jpg,439,362,514,433,5
data/all/150_1479429834.jpg,364,215,449,305,50
data/all/145_1479427656.jpg,349,194,428,274,50
data/all/150_1479430002.jpg,252,173,327,245,10
data/all/135_1479426822.jpg,274,64,357,145,50
data/all/140_1479427296.jpg,403,31,477,103,10
data/all/145_1479427752.jpg,553,109,620,179,10
data/all/145_1479427878.jpg,249,334,319,407,10
data/all/140_1479427350.jpg,225,110,302,185,10
data/all/150_1479429516.jpg,23,359,106,443,25
data/all/150_1479429552.jpg,56,88,113,148,10
data/all/150_1479429492.jpg,97,191,162,251,10
data/all/135_1479426900.jpg,278,253,359,335,50
data/all/135_1479426954.jpg,327,240,401,316,10
data/all/145_1479427854.jpg,199,393,272,462,10
data/all/140_1479427332.jpg,123,85,202,168,50
data/all/145_1479427650.jpg,428,253,499,322,10
data/all/140_1479427368.jpg,493,179,569,248,10
data/all/145_1479427692.jpg,158,288,234,366,50
data/all/150_1479429564.jpg,38,309,107,379,10
data/all/140_1479427410.jpg,162,158,245,238,5
data/all/145_1479427902.jpg,63,225,144,305,5
data/all/145_1479427710.jpg,535,209,609,287,5
data/all/140_1479427416.jpg,336,317,418,395,5
data/all/150_1479429504.jpg,201,295,267,364,10
data/all/150_1479429696.jpg,252,101,319,167,10
data/all/140_1479427098.jpg,157,248,248,336,25
data/all/145_1479429012.jpg,438,205,526,282,25
data/all/135_1479426966.jpg,240,235,325,316,50
data/all/150_1479429522.jpg,362,197,432,270,5
data/all/150_1479429582.jpg,122,197,201,282,25
data/all/140_1479427314.jpg,209,231,292,310,5
data/all/145_1479427764.jpg,28,131,113,223,25
data/all/145_1479427836.jpg,341,375,423,457,50
data/all/135_1479426942.jpg,346,244,426,320,5
data/all/140_1479427110.jpg,121,226,204,310,50
data/all/150_1479429588.jpg,31,209,95,276,10
data/all/150_1479430092.jpg,314,368,219,273,100
data/all/150_1479430020.jpg,356,136,434,208,10
data/all/150_1479430374.jpg,489,95,577,185,25
data/all/140_1479427164.jpg,449,230,530,308,5
data/all/150_1479429528.jpg,321,54,401,126,10
data/all/150_1479430320.jpg,63,57,149,143,25
data/all/150_1479429516.jpg,468,48,539,127,5
data/all/145_1479427668.jpg,241,82,309,150,10
data/all/145_1479428904.jpg,470,60,543,134,5
data/all/140_1479427386.jpg,519,213,590,286,10
data/all/150_1479429642.jpg,275,357,347,422,10
data/all/145_1479427926.jpg,283,275,350,344,10
data/all/135_1479426906.jpg,270,109,350,187,10
data/all/145_1479427770.jpg,22,22,113,109,25
data/all/135_1479426918.jpg,116,202,200,290,50
data/all/150_1479429618.jpg,344,422,279,364,10
data/all/140_1479427152.jpg,496,171,571,247,5
data/all/145_1479428904.jpg,516,133,578,200,10
data/all/150_1479429666.jpg,41,347,107,416,10
data/all/150_1479429678.jpg,28,206,93,275,10
data/all/145_1479428868.jpg,443,171,513,241,10
data/all/145_1479427554.jpg,250,146,317,212,10
data/all/145_1479428850.jpg,200,58,275,136,5
data/all/150_1479429522.jpg,335,128,406,188,10
data/all/150_1479429534.jpg,324,60,399,125,10
data/all/150_1479430014.jpg,359,136,434,208,10
data/all/135_1479426954.jpg,481,161,559,237,5
data/all/140_1479427386.jpg,537,65,615,140,5
data/all/140_1479427236.jpg,505,246,581,322,5
data/all/140_1479427374.jpg,288,8,366,80,10
data/all/150_1479430308.jpg,318,225,399,303,50
data/all/150_1479429576.jpg,120,197,208,288,25
data/all/150_1479429576.jpg,28,201,93,274,10
data/all/145_1479427878.jpg,59,377,130,447,10
data/all/150_1479430296.jpg,500,46,578,124,50
data/all/150_1479430056.jpg,476,207,544,277,10
data/all/150_1479430266.jpg,443,249,523,326,50
data/all/140_1479427314.jpg,293,171,374,251,5
data/all/145_1479427884.jpg,471,21,550,98,5
data/all/135_1479426984.jpg,280,56,373,150,25
data/all/145_1479427830.jpg,532,126,602,200,10
data/all/135_1479426936.jpg,472,3,544,77,10
data/all/150_1479429492.jpg,9,175,92,259,25
data/all/150_1479429990.jpg,195,201,269,271,10
data/all/135_1479426810.jpg,194,162,268,237,10
data/all/145_1479427890.jpg,536,101,619,182,50
data/all/150_1479429648.jpg,26,17,92,91,10
data/all/145_1479428904.jpg,509,335,590,414,25
data/all/150_1479429612.jpg,106,415,50,353,10
data/all/150_1479429582.jpg,133,366,228,450,25
data/all/145_1479427884.jpg,370,36,453,117,5
data/all/145_1479428874.jpg,47,280,110,347,10
data/all/150_1479429654.jpg,34,208,87,273,10
data/all/145_1479427626.jpg,176,381,250,454,5
data/all/150_1479429636.jpg,382,346,445,417,10
data/all/135_1479426864.jpg,446,282,524,365,50
data/all/150_1479430032.jpg,341,218,412,290,10
data/all/145_1479427914.jpg,369,290,429,359,10
data/all/145_1479427554.jpg,534,172,601,239,10
data/all/150_1479430350.jpg,55,86,144,176,25
data/all/140_1479427098.jpg,455,265,539,345,50
data/all/150_1479429690.jpg,383,194,453,266,10
data/all/140_1479427290.jpg,455,292,533,374,50
data/all/145_1479427776.jpg,532,207,606,284,5
data/all/150_1479429618.jpg,441,249,376,192,10
data/all/150_1479429696.jpg,383,223,319,292,10
data/all/150_1479429768.jpg,223,67,318,159,25
data/all/145_1479427908.jpg,250,76,320,148,10
data/all/145_1479427686.jpg,336,44,414,124,50
data/all/140_1479427332.jpg,179,217,255,289,10
data/all/150_1479430272.jpg,385,25,473,111,25
data/all/145_1479427782.jpg,203,381,276,452,10
data/all/150_1479429666.jpg,386,234,450,305,10
data/all/150_1479429540.jpg,123,202,205,285,25
data/all/145_1479427836.jpg,49,389,121,464,10
data/all/145_1479428886.jpg,37,141,119,223,25
data/all/140_1479427464.jpg,463,75,536,147,50
data/all/135_1479426840.jpg,457,200,544,279,50
data/all/145_1479427926.jpg,507,81,572,149,10
data/all/145_1479428874.jpg,511,344,586,414,25
data/all/145_1479428952.jpg,314,120,381,186,10
data/all/150_1479430008.jpg,437,204,508,280,10
data/all/150_1479429774.jpg,453,41,542,129,25
data/all/150_1479429678.jpg,443,140,501,197,10
data/all/135_1479426924.jpg,199,293,274,366,10
data/all/150_1479429600.jpg,45,357,109,412,10
data/all/150_1479429564.jpg,238,207,308,270,10
data/all/145_1479427752.jpg,534,204,609,287,5
data/all/145_1479427686.jpg,160,129,231,198,10
data/all/150_1479429522.jpg,208,291,263,362,10
data/all/135_1479426942.jpg,511,88,582,159,10
data/all/145_1479428856.jpg,192,98,263,173,5
data/all/145_1479428952.jpg,46,384,108,447,10
data/all/140_1479427374.jpg,173,19,250,92,10
data/all/150_1479429816.jpg,486,239,582,332,100
data/all/140_1479427386.jpg,87,257,173,341,50
data/all/145_1479427860.jpg,370,34,453,115,5
data/all/150_1479429816.jpg,309,351,399,438,25
data/all/150_1479429600.jpg,435,120,504,200,5
data/all/145_1479427800.jpg,198,392,268,461,10
data/all/140_1479427092.jpg,485,173,564,257,50
data/all/140_1479427452.jpg,475,171,547,245,10
data/all/135_1479426876.jpg,287,353,365,424,10
data/all/145_1479427776.jpg,163,4,246,84,5
data/all/140_1479427266.jpg,277,295,364,382,25
data/all/150_1479430080.jpg,378,237,450,307,10
data/all/145_1479427914.jpg,236,322,301,384,10
data/all/145_1479427776.jpg,27,130,117,222,25
data/all/145_1479428976.jpg,252,73,339,157,25
data/all/150_1479429546.jpg,305,107,371,171,10
data/all/135_1479426954.jpg,492,240,562,308,10
data/all/135_1479426978.jpg,443,293,524,372,50
data/all/150_1479429816.jpg,380,130,466,219,25
data/all/150_1479429552.jpg,24,264,75,324,10
data/all/140_1479427188.jpg,39,90,110,164,10
data/all/145_1479428964.jpg,490,383,570,458,25
data/all/145_1479427818.jpg,340,376,424,454,50
data/all/145_1479427896.jpg,369,10,449,89,5
data/all/135_1479426816.jpg,153,107,223,183,10
data/all/150_1479429990.jpg,142,108,215,180,10
data/all/150_1479429642.jpg,101,107,170,188,10
data/all/150_1479429648.jpg,26,205,97,277,10
data/all/150_1479429840.jpg,156,270,242,352,50
data/all/150_1479430008.jpg,136,167,208,238,10
data/all/145_1479427914.jpg,462,111,530,178,10
data/all/140_1479427092.jpg,491,88,570,168,50
data/all/145_1479428970.jpg,437,143,505,211,10
data/all/150_1479429516.jpg,333,196,263,277,25
data/all/150_1479429810.jpg,374,129,467,217,25
data/all/145_1479428892.jpg,231,384,306,459,5
data/all/145_1479427800.jpg,496,373,573,446,5
data/all/140_1479427296.jpg,210,215,291,295,5
data/all/135_1479426828.jpg,168,193,254,276,50
data/all/145_1479427812.jpg,534,231,611,310,5
data/all/150_1479429690.jpg,158,200,232,279,50
data/all/150_1479430356.jpg,53,87,145,175,25
data/all/140_1479427350.jpg,385,256,302,174,50
data/all/150_1479429540.jpg,19,262,83,333,10
data/all/150_1479430242.jpg,231,223,310,302,50
data/all/145_1479427698.jpg,160,131,233,200,10
data/all/150_1479430260.jpg,518,181,597,260,50
data/all/145_1479427638.jpg,135,212,213,289,5
data/all/145_1479428856.jpg,371,277,443,362,25
data/all/135_1479426828.jpg,220,271,290,340,10
data/all/135_1479426858.jpg,127,285,203,357,10
data/all/150_1479429750.jpg,430,156,520,244,25
data/all/145_1479428850.jpg,108,139,164,202,10
data/all/135_1479426888.jpg,516,43,596,120,50
data/all/145_1479427698.jpg,367,283,439,349,10
data/all/145_1479428892.jpg,161,109,230,178,10
data/all/150_1479429738.jpg,371,111,458,200,25
data/all/145_1479427920.jpg,135,227,209,301,5
data/all/150_1479430404.jpg,223,26,296,96,10
data/all/145_1479427572.jpg,56,279,134,355,5
data/all/135_1479426954.jpg,419,307,499,387,50
data/all/145_1479427704.jpg,526,312,598,385,50
data/all/150_1479430050.jpg,489,380,559,445,10
data/all/145_1479427890.jpg,57,353,129,422,10
data/all/150_1479429576.jpg,524,156,597,233,5
data/all/140_1479427326.jpg,122,282,191,353,10
data/all/135_1479426078.jpg,136,275,218,352,5
data/all/150_1479429804.jpg,99,184,187,275,25
data/all/150_1479429498.jpg,541,294,609,368,10
data/all/145_1479427848.jpg,47,44,134,137,25
data/all/135_1479426924.jpg,490,190,574,268,5
data/all/150_1479429594.jpg,26,22,93,85,10
data/all/150_1479429498.jpg,343,305,427,387,25
data/all/150_1479430044.jpg,384,326,459,398,10
data/all/150_1479429504.jpg,254,266,185,197,10
data/all/145_1479428958.jpg,38,139,121,222,25
data/all/145_1479428880.jpg,337,194,415,275,25
data/all/145_1479427890.jpg,405,350,478,422,10
data/all/145_1479427878.jpg,46,44,134,136,25
data/all/150_1479429564.jpg,44,88,105,160,10
data/all/140_1479427392.jpg,461,137,532,209,10
data/all/150_1479430110.jpg,428,154,518,240,25
data/all/150_1479430068.jpg,245,35,318,108,10
data/all/150_1479430002.jpg,513,281,442,211,10
data/all/150_1479430080.jpg,536,290,625,378,100
data/all/140_1479427140.jpg,109,206,181,276,10
data/all/140_1479427152.jpg,391,295,476,376,50
data/all/140_1479427302.jpg,289,169,374,255,5
data/all/145_1479427710.jpg,436,360,513,437,5
data/all/140_1479427110.jpg,225,270,306,353,50
data/all/150_1479429636.jpg,275,357,346,419,10
data/all/135_1479426870.jpg,301,369,370,435,10
data/all/150_1479429786.jpg,155,478,62,387,25
data/all/145_1479427920.jpg,288,275,353,345,10
data/all/145_1479428958.jpg,514,133,580,202,10
data/all/150_1479429732.jpg,210,144,297,229,25
data/all/145_1479427842.jpg,343,376,423,457,50
data/all/145_1479427812.jpg,514,25,594,103,5
data/all/150_1479429564.jpg,129,323,217,403,25
data/all/140_1479427224.jpg,190,164,276,246,50
data/all/150_1479429510.jpg,114,331,183,415,25
data/all/145_1479427614.jpg,559,193,626,256,10
data/all/140_1479427398.jpg,462,137,531,209,10
data/all/150_1479430326.jpg,358,191,445,276,25
data/all/135_1479426870.jpg,516,373,434,291,50
data/all/145_1479427896.jpg,193,240,278,323,50
data/all/150_1479430068.jpg,254,234,327,304,10
data/all/150_1479429660.jpg,22,21,85,89,10
data/all/145_1479427620.jpg,175,380,249,452,5
data/all/145_1479427662.jpg,250,224,320,292,10
data/all/140_1479427326.jpg,315,146,393,225,5
data/all/145_1479427764.jpg,22,20,112,115,25
data/all/150_1479430386.jpg,140,21,231,108,25
data/all/145_1479427896.jpg,460,278,545,366,25
data/all/140_1479427362.jpg,350,240,434,318,5
data/all/140_1479427368.jpg,537,66,616,146,5
data/all/140_1479427332.jpg,454,146,525,223,10
data/all/150_1479429660.jpg,272,142,337,199,10
data/all/150_1479430104.jpg,120,103,211,194,25
data/all/135_1479426924.jpg,303,269,373,338,10
data/all/145_1479427848.jpg,51,391,125,461,10
data/all/140_1479427320.jpg,292,171,374,249,5
data/all/150_1479429552.jpg,37,162,100,231,10
data/all/145_1479427536.jpg,32,83,104,156,5
data/all/145_1479427608.jpg,569,20,633,84,10
data/all/140_1479427146.jpg,500,172,579,250,5
data/all/145_1479428970.jpg,487,381,570,459,25
data/all/145_1479427830.jpg,20,229,109,319,25
data/all/150_1479430338.jpg,98,320,176,397,50
data/all/135_1479426894.jpg,278,254,357,337,50
data/all/145_1479427788.jpg,478,44,554,116,10
data/all/140_1479427254.jpg,309,272,397,358,25
data/all/145_1479427776.jpg,99,280,172,352,10
data/all/145_1479429018.jpg,530,104,591,179,10
data/all/145_1479427752.jpg,350,229,426,306,10
data/all/140_1479427338.jpg,122,86,207,168,50
data/all/145_1479427644.jpg,282,137,351,206,10
data/all/150_1479430404.jpg,175,314,254,390,5
data/all/145_1479428982.jpg,266,387,335,449,5
data/all/140_1479427344.jpg,352,237,432,315,5
data/all/145_1479427614.jpg,239,301,315,378,50
data/all/150_1479429570.jpg,526,155,597,230,5
data/all/145_1479428862.jpg,217,288,296,367,25
data/all/145_1479428868.jpg,508,335,589,417,25
data/all/145_1479428886.jpg,456,247,526,314,10
data/all/145_1479428868.jpg,89,183,158,255,10
data/all/140_1479427266.jpg,458,297,534,378,50
data/all/150_1479430344.jpg,576,210,492,123,25
data/all/145_1479428982.jpg,433,180,506,254,25
data/all/145_1479428892.jpg,514,133,581,200,10
data/all/150_1479429642.jpg,229,259,283,330,10
data/all/150_1479430098.jpg,434,143,506,217,10
data/all/145_1479428898.jpg,506,334,591,420,25
data/all/150_1479429588.jpg,106,109,167,176,10
data/all/145_1479428850.jpg,368,22,432,93,10
data/all/145_1479427872.jpg,485,280,572,368,25
data/all/150_1479429750.jpg,322,223,411,314,25
data/all/145_1479427824.jpg,292,168,367,241,10
data/all/150_1479429588.jpg,382,349,445,409,10
data/all/150_1479429564.jpg,356,295,426,366,10
data/all/135_1479426828.jpg,320,246,397,325,5
data/all/145_1479427656.jpg,255,244,330,319,5
data/all/135_1479426840.jpg,371,94,452,174,5
data/all/140_1479427362.jpg,536,64,616,144,5
data/all/145_1479429024.jpg,375,219,450,291,10
data/all/145_1479427824.jpg,45,47,137,136,25
data/all/145_1479429012.jpg,299,339,354,392,10
data/all/140_1479427440.jpg,505,368,582,442,5
data/all/145_1479428874.jpg,461,239,519,303,10
data/all/150_1479429624.jpg,440,121,504,200,5
data/all/150_1479429552.jpg,131,318,212,402,25
data/all/140_1479427218.jpg,192,167,277,248,50
data/all/135_1479426906.jpg,377,253,462,336,50
data/all/140_1479427332.jpg,343,57,423,137,5
data/all/140_1479427146.jpg,451,69,520,141,10
data/all/150_1479429630.jpg,227,257,299,321,10
data/all/150_1479430362.jpg,58,88,145,174,25
data/all/145_1479427548.jpg,534,178,600,244,10
data/all/145_1479428946.jpg,310,119,383,187,10
data/all/145_1479427764.jpg,187,302,261,369,10
data/all/140_1479427200.jpg,223,159,298,232,10
data/all/145_1479427890.jpg,404,81,482,159,5
data/all/145_1479428910.jpg,119,363,191,435,5
data/all/145_1479427866.jpg,370,34,451,114,5
data/all/145_1479428898.jpg,54,298,126,364,10
data/all/150_1479429678.jpg,158,209,224,283,50
data/all/145_1479427698.jpg,551,110,619,178,10
data/all/150_1479429822.jpg,482,134,570,219,25
data/all/145_1479427842.jpg,52,389,120,458,10
data/all/145_1479427596.jpg,361,130,430,199,10
data/all/145_1479427782.jpg,530,207,608,287,5
data/all/150_1479429642.jpg,451,236,513,304,10
data/all/145_1479427926.jpg,211,314,283,387,5
data/all/145_1479428964.jpg,512,134,581,198,10
data/all/145_1479427794.jpg,343,374,425,454,50
data/all/145_1479427758.jpg,26,132,116,226,25
data/all/150_1479429804.jpg,224,191,328,287,100
data/all/140_1479427188.jpg,312,208,397,291,50
data/all/145_1479428958.jpg,316,120,383,187,10
data/all/135_1479426858.jpg,431,295,515,375,50
data/all/150_1479430020.jpg,245,279,318,353,10
data/all/150_1479430278.jpg,330,202,408,282,50
data/all/150_1479429570.jpg,239,205,304,276,10
data/all/150_1479430086.jpg,496,275,567,344,10
data/all/135_1479426972.jpg,518,225,587,295,10
data/all/140_1479427416.jpg,505,33,578,106,10
data/all/145_1479427908.jpg,458,278,544,365,25
data/all/150_1479429504.jpg,461,50,547,128,5
data/all/150_1479430098.jpg,323,151,395,224,10
data/all/145_1479428952.jpg,535,12,607,82,5
data/all/150_1479430314.jpg,61,57,149,142,25
data/all/140_1479427188.jpg,225,47,309,125,5
data/all/150_1479429504.jpg,102,186,167,253,10
data/all/140_1479427356.jpg,302,174,387,261,50
data/all/140_1479427314.jpg,455,153,530,222,10
data/all/150_1479429966.jpg,407,191,481,264,10
data/all/135_1479426900.jpg,192,217,265,286,10
data/all/145_1479427632.jpg,282,136,351,208,10
data/all/145_1479428904.jpg,423,317,489,382,10
data/all/145_1479427770.jpg,549,109,620,181,10
data/all/145_1479427578.jpg,364,19,427,87,10
data/all/150_1479430074.jpg,380,237,454,308,10
data/all/150_1479429540.jpg,413,100,485,172,5
data/all/140_1479427308.jpg,389,230,462,303,10
data/all/145_1479428958.jpg,543,265,609,329,10
data/all/145_1479427806.jpg,107,250,198,342,25
data/all/150_1479429786.jpg,37,83,133,173,25
data/all/140_1479427338.jpg,338,162,414,234,10
data/all/145_1479428862.jpg,95,57,164,133,5
data/all/145_1479427554.jpg,36,82,107,156,5
data/all/140_1479427110.jpg,308,235,398,323,25
data/all/145_1479427884.jpg,249,335,321,404,10
data/all/145_1479427620.jpg,214,31,291,110,50
data/all/145_1479428904.jpg,59,295,122,362,10
data/all/145_1479428952.jpg,147,392,220,460,5
data/all/145_1479429006.jpg,149,394,223,464,5
data/all/145_1479427542.jpg,265,226,342,303,5
data/all/140_1479427242.jpg,187,287,272,367,50
data/all/145_1479427668.jpg,250,222,321,293,10
data/all/145_1479427632.jpg,177,379,250,451,5
data/all/145_1479427542.jpg,443,43,518,127,50
data/all/145_1479427758.jpg,296,280,377,357,5
data/all/150_1479430062.jpg,362,215,434,289,10
data/all/140_1479427326.jpg,238,141,318,223,50
data/all/150_1479430032.jpg,449,201,521,275,10
data/all/140_1479427242.jpg,394,281,472,361,50
data/all/140_1479427098.jpg,283,233,355,303,10
data/all/145_1479427650.jpg,254,244,330,320,5
data/all/140_1479427434.jpg,512,356,590,429,5
data/all/145_1479429024.jpg,540,293,603,358,10
data/all/150_1479430326.jpg,338,322,418,400,50
data/all/150_1479429582.jpg,27,209,93,274,10
data/all/145_1479428952.jpg,26,36,93,103,10
data/all/145_1479427836.jpg,532,326,609,402,5
data/all/145_1479428886.jpg,231,388,302,458,5
data/all/150_1479429720.jpg,286,184,365,267,50
data/all/150_1479430380.jpg,151,15,236,101,25
data/all/145_1479427848.jpg,531,325,606,402,5
data/all/145_1479427902.jpg,382,79,470,169,25
data/all/150_1479429618.jpg,444,409,379,353,10
data/all/140_1479427122.jpg,516,175,593,252,5
data/all/150_1479429522.jpg,283,355,344,421,10
data/all/150_1479429606.jpg,448,240,509,307,10
data/all/145_1479428898.jpg,117,366,198,440,5
data/all/145_1479427908.jpg,171,102,249,180,5
data/all/150_1479430320.jpg,310,260,228,180,50
data/all/150_1479429978.jpg,193,198,266,273,10
data/all/145_1479429006.jpg,448,319,515,385,5
data/all/140_1479427374.jpg,86,257,172,341,50
data/all/145_1479427812.jpg,381,75,473,171,25
data/all/150_1479430380.jpg,387,21,464,98,50
data/all/150_1479429600.jpg,216,115,279,188,10
data/all/145_1479427782.jpg,23,23,109,111,25
data/all/140_1479427362.jpg,175,18,251,91,10
data/all/150_1479430050.jpg,375,53,447,122,10
data/all/150_1479429498.jpg,470,51,543,128,5
data/all/150_1479429600.jpg,31,214,97,278,10
data/all/145_1479427860.jpg,46,45,136,137,25
data/all/140_1479427386.jpg,38,30,119,109,5
data/all/145_1479428964.jpg,26,34,93,101,10
data/all/145_1479428856.jpg,306,333,369,393,10
data/all/140_1479427110.jpg,489,76,568,155,5
data/all/150_1479429762.jpg,391,326,484,412,25
data/all/135_1479426882.jpg,535,143,607,217,10
data/all/150_1479429564.jpg,130,109,201,182,10
data/all/135_1479426894.jpg,400,164,476,237,10
data/all/150_1479429756.jpg,317,231,404,319,25
data/all/145_1479428970.jpg,357,279,426,343,10
data/all/145_1479428886.jpg,543,242,611,314,10
data/all/150_1479429624.jpg,26,24,89,84,10
data/all/135_1479426852.jpg,90,254,165,322,10
data/all/150_1479429780.jpg,392,324,483,416,25
data/all/150_1479429696.jpg,384,196,452,266,10
data/all/150_1479430002.jpg,395,130,468,203,10
data/all/145_1479428952.jpg,188,205,257,274,10
data/all/150_1479430278.jpg,512,177,587,256,50
data/all/140_1479427458.jpg,526,230,594,297,10
data/all/145_1479428892.jpg,505,335,590,419,25
data/all/140_1479427326.jpg,457,155,527,224,10
data/all/150_1479430002.jpg,247,287,318,358,10
data/all/150_1479430302.jpg,503,45,578,122,50
data/all/150_1479429612.jpg,434,123,504,194,5
data/all/145_1479428982.jpg,356,366,417,426,10
data/all/150_1479429624.jpg,379,188,437,256,10
data/all/140_1479427152.jpg,289,289,364,363,10
data/all/150_1479430260.jpg,442,248,524,327,50
data/all/145_1479427926.jpg,412,39,486,118,50
data/all/145_1479428880.jpg,372,113,433,187,10
data/all/145_1479427764.jpg,296,279,378,358,5
data/all/145_1479427830.jpg,531,231,609,310,5
data/all/145_1479428898.jpg,122,220,195,292,10
data/all/145_1479428886.jpg,393,261,456,324,10
data/all/145_1479427590.jpg,463,206,530,271,10
data/all/150_1479429522.jpg,51,85,116,155,10
data/all/150_1479429564.jpg,323,190,397,270,5
data/all/145_1479427920.jpg,346,205,430,290,25
data/all/145_1479427872.jpg,258,11,334,82,10
data/all/140_1479427290.jpg,211,217,291,295,5
data/all/135_1479426918.jpg,192,79,275,164,50
data/all/150_1479429510.jpg,216,136,289,201,10
data/all/145_1479427614.jpg,215,31,291,110,50
data/all/150_1479429624.jpg,422,23,495,100,25
data/all/150_1479429738.jpg,384,254,467,337,50
data/all/135_1479426882.jpg,516,40,597,122,50
data/all/145_1479427818.jpg,22,40,111,132,25
data/all/140_1479427428.jpg,529,208,601,279,10
data/all/140_1479427092.jpg,399,92,471,165,10
data/all/150_1479429990.jpg,344,353,418,420,10
data/all/150_1479430086.jpg,258,64,334,136,10
data/all/150_1479430350.jpg,63,271,147,353,5
data/all/150_1479430332.jpg,359,369,436,444,50
data/all/150_1479430062.jpg,518,276,607,366,100
data/all/140_1479427464.jpg,527,230,595,294,10
data/all/150_1479429804.jpg,370,273,459,364,25
data/all/140_1479427248.jpg,509,165,577,237,10
data/all/145_1479427896.jpg,70,366,141,437,10
data/all/150_1479429654.jpg,105,110,163,178,10
data/all/150_1479429510.jpg,265,188,335,270,25
data/all/145_1479428874.jpg,305,330,368,399,10
data/all/150_1479430110.jpg,222,269,319,365,100
data/all/145_1479427686.jpg,330,246,408,322,5
data/all/150_1479429588.jpg,432,160,495,226,10
data/all/150_1479430092.jpg,337,373,408,444,10
data/all/145_1479428970.jpg,39,138,122,222,25
data/all/145_1479428868.jpg,383,248,452,326,10
data/all/150_1479429516.jpg,279,354,342,422,10
data/all/150_1479429516.jpg,455,186,513,253,10
data/all/150_1479430392.jpg,89,245,169,325,50
data/all/145_1479428964.jpg,189,206,260,274,10
data/all/145_1479427674.jpg,84,103,154,175,10
data/all/145_1479427650.jpg,32,225,100,295,10
data/all/145_1479427824.jpg,534,231,609,308,5
data/all/145_1479427860.jpg,535,122,613,200,50
data/all/135_1479426936.jpg,350,45,425,119,10
data/all/145_1479427908.jpg,328,126,409,204,5
data/all/145_1479427596.jpg,378,319,449,389,5
data/all/145_1479427914.jpg,195,248,273,319,50
data/all/145_1479427584.jpg,475,190,543,256,10
data/all/150_1479429972.jpg,224,203,303,277,10
data/all/150_1479430014.jpg,444,90,513,162,10
data/all/150_1479429846.jpg,381,327,462,406,50
data/all/150_1479429660.jpg,199,58,266,141,50
data/all/140_1479427446.jpg,52,191,126,264,10
data/all/145_1479427560.jpg,228,150,299,220,10
data/all/145_1479427596.jpg,470,299,543,370,5
data/all/145_1479428982.jpg,376,218,429,278,10
data/all/135_1479426858.jpg,321,283,406,364,50
data/all/140_1479427320.jpg,356,384,273,303,50
data/all/145_1479428886.jpg,475,61,544,131,5
data/all/145_1479427842.jpg,168,17,250,98,5
data/all/145_1479428898.jpg,36,135,125,223,25
data/all/145_1479427800.jpg,197,339,109,252,25
data/all/145_1479429018.jpg,44,55,119,128,5
data/all/140_1479427464.jpg,399,194,471,271,5
data/all/145_1479427866.jpg,524,219,596,289,10
data/all/140_1479427446.jpg,506,369,584,442,5
data/all/150_1479429492.jpg,266,180,336,247,10
data/all/145_1479427890.jpg,323,388,405,466,5
data/all/150_1479429636.jpg,202,87,274,169,50
data/all/145_1479427650.jpg,449,144,525,215,5
data/all/145_1479427536.jpg,492,109,560,173,10
data/all/145_1479427560.jpg,124,141,200,218,50
data/all/145_1479427668.jpg,300,44,379,123,50
data/all/145_1479427908.jpg,191,240,273,323,50
data/all/140_1479427296.jpg,453,292,532,374,50
data/all/145_1479427896.jpg,385,241,473,325,25
data/all/140_1479427290.jpg,491,175,562,250,10
data/all/150_1479429534.jpg,25,361,115,441,25
data/all/145_1479427644.jpg,343,329,416,398,5
data/all/145_1479428904.jpg,253,121,319,187,10
data/all/135_1479426948.jpg,249,237,328,319,50
data/all/150_1479429594.jpg,379,348,442,412,10
data/all/150_1479430248.jpg,336,190,417,270,50
data/all/135_1479426972.jpg,405,5,476,74,10
data/all/140_1479427344.jpg,180,217,253,288,10
data/all/145_1479428898.jpg,231,386,305,457,5
data/all/150_1479429978.jpg,258,307,329,375,10
data/all/150_1479429666.jpg,484,143,420,211,10
data/all/145_1479428910.jpg,36,137,122,222,25
data/all/135_1479426942.jpg,250,233,331,319,50
data/all/145_1479429000.jpg,98,202,32,117,25
data/all/145_1479427848.jpg,369,36,449,115,5
data/all/150_1479429588.jpg,49,346,107,418,10
data/all/150_1479430242.jpg,337,190,416,269,50
data/all/145_1479429000.jpg,293,339,361,403,10
data/all/145_1479427884.jpg,62,381,131,447,10
data/all/140_1479427356.jpg,226,108,303,184,10
data/all/150_1479429606.jpg,276,360,342,423,10
data/all/145_1479427548.jpg,375,109,450,184,50
data/all/150_1479429972.jpg,325,46,395,118,10
data/all/150_1479429612.jpg,90,89,28,24,10
data/all/145_1479427632.jpg,340,328,414,398,5
data/all/150_1479429558.jpg,126,203,209,290,25
data/all/145_1479428886.jpg,256,119,318,187,10
data/all/145_1479427590.jpg,265,326,333,393,10
data/all/140_1479427170.jpg,385,79,462,150,10
data/all/150_1479429990.jpg,441,212,512,283,10
data/all/145_1479428958.jpg,44,384,109,448,10
data/all/150_1479430302.jpg,401,128,485,213,25
data/all/145_1479428886.jpg,510,338,586,421,25
data/all/150_1479430368.jpg,60,87,146,172,25
data/all/145_1479429024.jpg,436,50,500,113,10
data/all/145_1479427836.jpg,604,198,532,127,10
data/all/145_1479427644.jpg,463,142,539,215,5
data/all/145_1479429012.jpg,206,302,259,361,10
data/all/145_1479429018.jpg,439,202,520,284,25
data/all/135_1479426972.jpg,242,233,320,319,50
data/all/145_1479427674.jpg,220,373,298,448,50
data/all/135_1479426990.jpg,484,173,565,253,50
data/all/140_1479427410.jpg,53,194,129,268,10
data/all/140_1479427368.jpg,177,19,249,93,10
data/all/145_1479427818.jpg,530,326,608,402,5
data/all/140_1479427452.jpg,293,257,372,331,10
data/all/145_1479427896.jpg,410,351,479,420,10
data/all/150_1479430254.jpg,443,248,522,327,50
data/all/145_1479427818.jpg,196,388,270,462,10
data/all/145_1479428868.jpg,45,281,115,348,10
data/all/135_1479426960.jpg,391,55,462,130,10
data/all/145_1479429000.jpg,143,394,218,466,5
data/all/145_1479428850.jpg,90,210,151,272,10
data/all/145_1479427926.jpg,296,2,364,68,10
data/all/135_1479426888.jpg,275,256,360,337,50
data/all/145_1479428976.jpg,535,11,609,82,5
data/all/150_1479430344.jpg,66,272,146,352,50
data/all/150_1479429624.jpg,26,210,102,275,10
data/all/145_1479427902.jpg,460,107,531,181,10
data/all/135_1479426912.jpg,273,110,345,181,10
data/all/140_1479427260.jpg,272,293,362,381,25
data/all/135_1479426954.jpg,479,71,560,151,50
data/all/145_1479427800.jpg,478,44,555,116,10
data/all/140_1479427122.jpg,442,230,512,303,10
data/all/150_1479430398.jpg,471,95,556,179,25
data/all/145_1479427650.jpg,331,333,408,404,5
data/all/150_1479430362.jpg,148,16,235,101,25
data/all/145_1479427542.jpg,376,66,443,132,10
data/all/150_1479429498.jpg,97,184,168,257,10
data/all/145_1479427680.jpg,449,60,526,133,5
data/all/150_1479429660.jpg,444,252,518,315,10
data/all/145_1479427878.jpg,534,121,615,200,50
data/all/150_1479430350.jpg,38,186,123,268,50
data/all/150_1479429678.jpg,23,21,88,90,10
data/all/150_1479429600.jpg,319,197,384,267,10
data/all/150_1479430044.jpg,273,63,350,138,10
data/all/140_1479427098.jpg,188,98,272,178,5
data/all/150_1479429750.jpg,392,331,487,412,25
data/all/150_1479429528.jpg,35,165,104,235,10
data/all/150_1479430344.jpg,121,372,208,455,25
data/all/140_1479427164.jpg,294,303,369,372,10
data/all/145_1479427758.jpg,532,209,610,285,5
data/all/145_1479428976.jpg,43,384,107,447,10
data/all/150_1479429558.jpg,32,210,95,279,10
data/all/145_1479429018.jpg,12,180,90,263,25
data/all/145_1479427614.jpg,7,50,85,127,5
data/all/150_1479430290.jpg,329,324,416,407,25
data/all/140_1479427404.jpg,374,175,447,248,10
data/all/145_1479427680.jpg,333,250,406,321,5
data/all/135_1479426072.jpg,350,175,419,247,10
data/all/140_1479427392.jpg,538,63,617,142,5
data/all/145_1479428868.jpg,91,56,165,133,5
data/all/140_1479427152.jpg,496,262,587,349,25
data/all/145_1479427680.jpg,204,249,281,324,50
data/all/145_1479427794.jpg,202,381,275,453,10
data/all/145_1479427800.jpg,293,168,368,241,10
data/all/145_1479428982.jpg,542,12,600,79,5
data/all/145_1479427842.jpg,531,126,605,199,10
data/all/150_1479430338.jpg,226,306,313,392,25
data/all/145_1479427818.jpg,513,28,594,105,5
data/all/135_1479426930.jpg,435,267,520,352,50
data/all/150_1479429792.jpg,21,292,114,385,25
data/all/150_1479429780.jpg,450,40,540,129,25
data/all/140_1479427290.jpg,352,175,432,256,50
data/all/150_1479430008.jpg,167,341,260,434,100
data/all/145_1479427776.jpg,367,93,446,172,5
data/all/150_1479429996.jpg,441,210,512,283,10
data/all/150_1479429840.jpg,447,153,547,249,100
data/all/145_1479428856.jpg,269,186,334,255,10
data/all/140_1479427350.jpg,269,302,352,383,50
data/all/145_1479428892.jpg,56,298,130,358,10
data/all/150_1479429534.jpg,38,163,98,237,10
data/all/135_1479426846.jpg,210,75,299,161,50
data/all/135_1479426888.jpg,535,144,607,215,10
data/all/140_1479427230.jpg,98,268,169,341,10
data/all/140_1479427146.jpg,395,294,473,373,50
data/all/140_1479427212.jpg,364,198,436,270,10
data/all/150_1479429972.jpg,254,304,328,376,10
data/all/145_1479427908.jpg,360,288,431,360,10
data/all/150_1479430038.jpg,476,184,546,253,10
data/all/140_1479427308.jpg,273,37,356,119,50
data/all/150_1479429606.jpg,378,351,447,412,10
data/all/150_1479429786.jpg,225,372,318,464,25
data/all/145_1479428946.jpg,188,204,257,272,10
data/all/145_1479429006.jpg,514,177,574,239,10
data/all/145_1479427662.jpg,148,123,226,201,50
data/all/140_1479427320.jpg,121,281,194,354,10
data/all/145_1479427788.jpg,204,381,275,453,10
data/all/145_1479427872.jpg,168,16,249,96,5
data/all/145_1479429024.jpg,45,50,115,132,5
data/all/150_1479429576.jpg,240,203,306,277,10
data/all/140_1479427368.jpg,6,112,88,195,50
data/all/150_1479430032.jpg,254,273,327,344,10
data/all/145_1479428874.jpg,548,242,612,309,10
data/all/145_1479427836.jpg,21,229,108,316,25
data/all/150_1479429540.jpg,325,190,398,272,5
data/all/145_1479427752.jpg,532,20,609,96,5
data/all/145_1479428976.jpg,288,279,356,346,10
data/all/150_1479429690.jpg,281,128,351,197,10
data/all/145_1479427890.jpg,161,365,250,452,25
data/all/150_1479429576.jpg,397,79,469,148,10
data/all/145_1479428958.jpg,189,204,257,271,10
data/all/150_1479430080.jpg,274,262,344,330,10
data/all/150_1479429624.jpg,223,257,297,327,10
data/all/135_1479426906.jpg,346,5,417,74,10
data/all/150_1479429648.jpg,416,123,481,197,10
data/all/150_1479429966.jpg,308,200,384,272,10
data/all/150_1479429660.jpg,331,264,399,203,10
data/all/140_1479427170.jpg,451,215,528,292,5
data/all/150_1479429996.jpg,396,132,467,202,10
data/all/145_1479427602.jpg,243,130,309,198,10
data/all/150_1479429720.jpg,252,357,330,439,50
data/all/150_1479429504.jpg,360,194,437,274,5
data/all/150_1479429966.jpg,405,34,476,105,10
data/all/150_1479430044.jpg,374,51,448,128,10
data/all/145_1479429006.jpg,209,297,266,361,10
data/all/145_1479427692.jpg,551,110,617,177,10
data/all/150_1479429534.jpg,241,205,301,278,10
data/all/150_1479429630.jpg,450,240,517,306,10
data/all/145_1479427806.jpg,382,79,473,167,25
data/all/150_1479430086.jpg,195,189,267,261,10
data/all/150_1479429492.jpg,499,232,430,170,10
data/all/145_1479427548.jpg,30,82,107,157,5
data/all/140_1479427194.jpg,392,175,474,257,50
data/all/145_1479429006.jpg,439,54,496,115,10
data/all/150_1479430098.jpg,265,57,342,131,10
data/all/145_1479427926.jpg,497,282,571,365,25
data/all/145_1479428850.jpg,526,100,595,162,10
data/all/145_1479427692.jpg,444,15,521,87,5
data/all/140_1479427434.jpg,46,75,129,159,50
data/all/140_1479427128.jpg,269,168,360,256,25
data/all/140_1479427212.jpg,393,111,476,192,50
data/all/145_1479427638.jpg,565,18,632,82,10
data/all/145_1479428862.jpg,348,207,409,275,10
data/all/135_1479426846.jpg,240,184,315,264,5
data/all/145_1479429024.jpg,369,141,438,215,10
data/all/145_1479428946.jpg,37,138,121,223,25
data/all/140_1479427404.jpg,461,207,536,284,5
data/all/150_1479429582.jpg,410,242,487,310,5
data/all/145_1479427542.jpg,493,109,558,168,10
data/all/145_1479428946.jpg,264,385,338,454,5
data/all/150_1479429516.jpg,37,162,103,235,10
data/all/150_1479430086.jpg,303,223,398,316,100
data/all/150_1479429648.jpg,220,153,296,223,10
data/all/135_1479426984.jpg,397,95,473,163,10
data/all/145_1479429000.jpg,545,294,607,359,10
data/all/150_1479429618.jpg,102,111,164,182,10
data/all/145_1479427854.jpg,45,45,136,136,25
data/all/150_1479429576.jpg,132,365,223,455,25
data/all/145_1479427890.jpg,454,279,545,366,25
data/all/145_1479428970.jpg,513,132,581,199,10
data/all/145_1479427560.jpg,378,201,452,275,5
data/all/135_1479426912.jpg,391,166,465,243,10
data/all/135_1479426960.jpg,329,242,401,310,10
data/all/145_1479429000.jpg,435,49,500,119,10
data/all/150_1479429516.jpg,366,197,431,262,5
data/all/145_1479428850.jpg,240,334,309,411,5
data/all/145_1479427878.jpg,165,390,253,477,25
data/all/150_1479430392.jpg,141,22,230,107,25
data/all/140_1479427338.jpg,200,81,283,165,5
data/all/150_1479429618.jpg,31,209,92,272,10
data/all/150_1479430026.jpg,245,277,320,348,10
data/all/145_1479427764.jpg,522,310,602,392,50
data/all/150_1479429582.jpg,295,172,363,240,10
data/all/140_1479427176.jpg,264,92,346,177,50
data/all/140_1479427326.jpg,383,117,455,195,5
data/all/145_1479428970.jpg,314,142,385,210,10
data/all/140_1479427200.jpg,128,222,214,305,50
data/all/145_1479427686.jpg,521,292,451,223,10
data/all/150_1479430116.jpg,220,273,316,367,100
data/all/150_1479429666.jpg,28,208,88,275,10
data/all/150_1479429726.jpg,331,239,405,318,50
data/all/150_1479430230.jpg,365,69,445,150,50
data/all/140_1479427404.jpg,329,233,414,311,50
data/all/145_1479427584.jpg,57,281,132,354,5
data/all/145_1479427758.jpg,550,110,618,181,10
data/all/150_1479429642.jpg,293,262,356,334,10
data/all/145_1479427854.jpg,20,230,108,318,25
data/all/150_1479429528.jpg,387,145,448,224,10
data/all/140_1479427206.jpg,241,257,325,341,50
data/all/140_1479427218.jpg,424,262,503,338,5
data/all/145_1479428862.jpg,443,174,507,240,10
data/all/140_1479427236.jpg,406,291,490,371,50
data/all/145_1479428910.jpg,364,207,430,273,10
data/all/140_1479427254.jpg,326,141,408,225,50
data/all/145_1479427662.jpg,431,254,500,320,10
data/all/145_1479427830.jpg,46,47,135,136,25
data/all/145_1479428904.jpg,334,319,408,388,5
data/all/135_1479426834.jpg,171,192,253,275,50
data/all/145_1479427764.jpg,100,279,172,352,10
data/all/150_1479429594.jpg,105,113,174,178,10
data/all/135_1479426894.jpg,147,113,221,185,10
data/all/150_1479429516.jpg,219,136,283,199,10
data/all/145_1479428850.jpg,495,171,556,244,10
data/all/140_1479427218.jpg,287,303,377,388,25
data/all/145_1479427692.jpg,230,163,306,236,5
data/all/150_1479430272.jpg,439,250,519,328,50
data/all/140_1479427212.jpg,319,279,415,366,25
data/all/150_1479430368.jpg,149,16,235,100,25
data/all/145_1479427680.jpg,183,65,260,146,50
data/all/145_1479427560.jpg,539,174,605,240,10
data/all/140_1479427314.jpg,61,229,146,307,50
data/all/150_1479430290.jpg,400,129,486,215,25
data/all/135_1479426858.jpg,150,219,234,300,5
data/all/150_1479430266.jpg,382,338,471,424,25
data/all/140_1479427356.jpg,338,113,410,183,10
data/all/140_1479427422.jpg,131,334,215,414,50
data/all/145_1479427872.jpg,527,219,596,290,10
data/all/150_1479429660.jpg,207,161,270,231,10
data/all/150_1479429654.jpg,28,17,89,90,10
data/all/145_1479428946.jpg,134,77,203,144,10
data/all/150_1479430242.jpg,272,58,359,148,25
data/all/150_1479429792.jpg,283,210,378,303,25
data/all/145_1479427890.jpg,246,311,318,381,10
data/all/150_1479429504.jpg,454,184,523,254,10
data/all/145_1479427782.jpg,98,325,171,397,10
data/all/150_1479429528.jpg,239,203,303,280,10
data/all/145_1479428892.jpg,462,243,520,309,10
data/all/150_1479429558.jpg,322,193,399,269,5
data/all/145_1479428910.jpg,509,337,589,415,25
data/all/150_1479429492.jpg,288,352,360,416,10
data/all/145_1479429024.jpg,539,10,607,89,5
data/all/150_1479429582.jpg,381,346,443,413,10
data/all/145_1479427884.jpg,326,410,408,482,5
data/all/145_1479427698.jpg,443,14,520,87,5
data/all/135_1479426816.jpg,409,201,491,282,50
data/all/150_1479429498.jpg,201,294,267,363,10
data/all/150_1479429510.jpg,336,122,409,190,10
data/all/145_1479428850.jpg,311,295,379,355,10
data/all/150_1479429774.jpg,414,206,503,297,25
data/all/145_1479427638.jpg,443,250,509,318,10
data/all/145_1479428946.jpg,512,132,580,200,10
data/all/150_1479430092.jpg,320,9,392,81,10
data/all/150_1479430344.jpg,42,188,121,268,50
data/all/135_1479426906.jpg,403,163,472,236,10
data/all/150_1479430272.jpg,512,177,589,256,50
data/all/150_1479430404.jpg,174,211,251,283,10
data/all/150_1479429492.jpg,204,293,273,366,10
data/all/140_1479427374.jpg,536,67,616,144,5
data/all/140_1479427206.jpg,374,198,449,267,10
data/all/145_1479427866.jpg,47,48,134,137,25
data/all/145_1479427578.jpg,283,100,359,176,5
data/all/145_1479427644.jpg,267,239,342,313,5
data/all/150_1479429498.jpg,273,206,350,288,10
data/all/145_1479427860.jpg,20,230,109,319,25
data/all/145_1479427614.jpg,567,18,632,83,10
data/all/150_1479429594.jpg,32,207,96,280,10
data/all/150_1479430056.jpg,361,216,435,288,10
data/all/145_1479428964.jpg,536,11,610,82,5
data/all/145_1479427794.jpg,208,265,302,355,25
data/all/145_1479427824.jpg,196,390,272,466,10
data/all/150_1479430356.jpg,146,11,234,104,25
data/all/150_1479429684.jpg,286,134,357,217,50
data/all/150_1479429612.jpg,373,191,440,253,10
data/all/150_1479429612.jpg,126,204,199,286,25
data/all/140_1479427164.jpg,395,309,476,391,50
data/all/145_1479427782.jpg,211,264,301,354,25
data/all/145_1479427872.jpg,368,33,451,115,5
data/all/140_1479427302.jpg,209,215,288,298,5
data/all/145_1479427920.jpg,340,119,415,194,5
data/all/145_1479428982.jpg,362,283,427,349,10
data/all/145_1479429000.jpg,208,262,274,322,10
data/all/140_1479427398.jpg,539,67,617,144,5
data/all/145_1479428856.jpg,488,211,549,269,10
data/all/145_1479427632.jpg,134,212,210,288,5
data/all/150_1479429540.jpg,533,182,590,243,10
data/all/140_1479427350.jpg,495,178,570,250,10
data/all/135_1479426828.jpg,258,364,333,435,10
data/all/135_1479426966.jpg,153,190,230,262,10
data/all/140_1479427428.jpg,505,34,576,103,10
data/all/150_1479429510.jpg,43,163,102,231,10
data/all/145_1479429000.jpg,231,195,284,254,10
data/all/145_1479427914.jpg,333,123,404,198,5
data/all/145_1479429012.jpg,275,277,340,331,10
data/all/150_1479429558.jpg,434,189,499,258,10
data/all/135_1479426948.jpg,99,217,175,290,10
data/all/135_1479426822.jpg,225,334,299,404,10
data/all/145_1479427752.jpg,159,54,249,145,25
data/all/145_1479427626.jpg,557,193,625,259,10
data/all/140_1479427158.jpg,199,269,282,349,50
data/all/145_1479428952.jpg,512,132,582,199,10
data/all/145_1479427842.jpg,531,326,609,402,5
data/all/150_1479430362.jpg,262,23,343,104,50
data/all/135_1479426822.jpg,407,199,493,277,50
data/all/150_1479429630.jpg,278,357,346,426,10
data/all/140_1479427320.jpg,457,154,528,224,10
data/all/150_1479430338.jpg,490,124,575,210,25
data/all/145_1479427686.jpg,230,162,303,237,5
data/all/145_1479427914.jpg,462,283,539,366,25
data/all/145_1479427638.jpg,340,326,418,401,5
data/all/150_1479430026.jpg,45,48,143,142,100
data/all/145_1479427884.jpg,412,372,480,440,10
data/all/150_1479429552.jpg,50,12,102,74,10
data/all/145_1479428976.jpg,316,143,384,210,10
data/all/140_1479427230.jpg,408,291,486,370,50
data/all/150_1479429516.jpg,203,295,268,364,10
data/all/140_1479427218.jpg,187,291,271,371,50
data/all/145_1479428958.jpg,134,78,203,143,10
data/all/150_1479429666.jpg,349,172,412,234,10
data/all/135_1479426882.jpg,426,91,509,174,50
data/all/145_1479429000.jpg,251,90,330,184,25
data/all/140_1479427440.jpg,188,281,272,364,50
data/all/140_1479427410.jpg,448,248,373,172,10
data/all/140_1479427434.jpg,53,194,126,268,10
data/all/150_1479429588.jpg,130,366,218,450,25
data/all/145_1479427548.jpg,299,296,370,361,10
data/all/145_1479427668.jpg,431,254,500,322,10
data/all/150_1479430032.jpg,24,187,97,260,10
data/all/150_1479430236.jpg,450,331,535,416,25
data/all/145_1479428862.jpg,87,184,153,253,10
data/all/140_1479427092.jpg,347,206,427,284,5
data/all/140_1479427200.jpg,298,98,391,186,25
data/all/145_1479427818.jpg,533,126,606,199,10
data/all/145_1479428952.jpg,37,138,121,225,25
data/all/145_1479428856.jpg,421,229,483,296,10
data/all/150_1479430056.jpg,489,379,558,446,10
data/all/145_1479427680.jpg,37,248,102,313,10
data/all/145_1479428862.jpg,93,340,164,412,5
data/all/140_1479427236.jpg,285,298,378,385,25
data/all/135_1479426966.jpg,442,294,527,375,50
data/all/145_1479427866.jpg,536,121,616,202,50
data/all/135_1479426882.jpg,41,55,118,126,10
data/all/140_1479427182.jpg,29,96,101,170,10
data/all/150_1479429792.jpg,395,326,484,412,25
data/all/140_1479427392.jpg,520,214,591,283,10
data/all/150_1479429492.jpg,446,314,513,387,5
data/all/145_1479428910.jpg,515,133,581,200,10
data/all/150_1479429762.jpg,311,231,407,323,25
data/all/150_1479429522.jpg,331,57,397,122,10
data/all/150_1479429552.jpg,323,194,395,264,5
data/all/140_1479427404.jpg,52,195,126,266,10
data/all/140_1479427440.jpg,52,71,133,156,50
data/all/150_1479429504.jpg,335,55,394,125,10
data/all/150_1479429792.jpg,223,373,320,461,25
data/all/145_1479427662.jpg,341,245,417,319,5
data/all/150_1479429582.jpg,436,163,494,227,10
data/all/145_1479427896.jpg,424,180,496,252,10
data/all/150_1479430320.jpg,339,322,418,399,50
data/all/145_1479427908.jpg,425,297,337,208,25
data/all/140_1479427452.jpg,528,228,598,300,10
data/all/145_1479428898.jpg,161,106,231,182,10
data/all/150_1479430038.jpg,283,259,354,330,10
data/all/135_1479426960.jpg,479,71,562,150,50
data/all/150_1479430374.jpg,387,21,465,97,50
data/all/150_1479430014.jpg,257,156,330,227,10
data/all/150_1479430404.jpg,322,253,410,337,25
data/all/150_1479429984.jpg,342,354,417,425,10
data/all/150_1479429558.jpg,134,110,197,180,10
data/all/140_1479427326.jpg,273,303,356,382,50
data/all/150_1479429618.jpg,321,128,383,198,5
data/all/150_1479429504.jpg,222,130,288,202,10
data/all/140_1479427128.jpg,96,208,169,281,10
data/all/150_1479429546.jpg,329,193,393,270,5
data/all/150_1479429636.jpg,290,263,357,329,10
data/all/135_1479426960.jpg,493,240,561,307,10
data/all/140_1479427116.jpg,264,261,345,342,50
data/all/145_1479427608.jpg,310,128,385,205,50
data/all/140_1479427344.jpg,499,179,567,247,10
data/all/140_1479427128.jpg,501,202,581,281,5
data/all/150_1479429708.jpg,233,275,155,197,50
data/all/150_1479429534.jpg,411,101,485,175,5
data/all/150_1479429618.jpg,45,348,108,410,10
data/all/145_1479429000.jpg,447,318,512,392,5
data/all/140_1479427338.jpg,268,300,353,380,50
data/all/140_1479427446.jpg,459,76,539,156,50
data/all/145_1479427752.jpg,287,5,376,96,25
data/all/150_1479429696.jpg,448,139,521,216,50
data/all/140_1479427308.jpg,288,170,365,252,5
data/all/150_1479430350.jpg,119,370,208,457,25
data/all/150_1479429762.jpg,150,203,242,294,25
data/all/145_1479428904.jpg,361,207,433,275,10
data/all/140_1479427092.jpg,284,57,374,144,25
data/all/145_1479429018.jpg,291,334,363,404,10
data/all/150_1479429822.jpg,495,354,582,436,25
data/all/145_1479427656.jpg,432,255,498,321,10
data/all/150_1479430068.jpg,361,215,432,285,10
data/all/150_1479430026.jpg,442,203,514,276,10
data/all/150_1479429654.jpg,198,65,272,136,50
data/all/145_1479428874.jpg,479,62,547,131,5
data/all/140_1479427452.jpg,507,369,584,443,5
data/all/145_1479427554.jpg,299,36,363,102,10
data/all/150_1479429744.jpg,321,221,409,310,25
data/all/140_1479427368.jpg,366,83,288,8,10
data/all/145_1479427920.jpg,223,212,292,278,50
data/all/150_1479430296.jpg,318,225,399,307,50
data/all/150_1479430050.jpg,275,64,347,141,10
data/all/145_1479427860.jpg,168,15,249,98,5
data/all/140_1479427302.jpg,488,51,561,119,10
data/all/145_1479427770.jpg,530,17,607,95,5
data/all/145_1479427788.jpg,98,324,171,396,10
data/all/145_1479427806.jpg,222,35,303,117,5
data/all/135_1479426984.jpg,320,172,408,252,50
data/all/150_1479429780.jpg,21,292,111,383,25
data/all/140_1479427116.jpg,137,145,211,217,10
data/all/140_1479427158.jpg,203,288,111,200,25
data/all/145_1479427554.jpg,379,198,452,269,5
data/all/150_1479429588.jpg,277,357,348,422,10
data/all/150_1479429642.jpg,420,115,483,194,10
data/all/150_1479430116.jpg,427,157,516,245,25
data/all/150_1479430374.jpg,150,14,236,100,25
data/all/145_1479428874.jpg,96,341,166,408,5
data/all/145_1479427554.jpg,123,139,201,219,50
data/all/150_1479430266.jpg,400,23,488,113,25
data/all/145_1479427668.jpg,404,326,484,402,50
data/all/140_1479427392.jpg,376,175,447,245,10
data/all/140_1479427374.jpg,319,366,399,445,5
data/all/150_1479429540.jpg,331,53,391,130,10
data/all/145_1479427902.jpg,250,181,172,101,5
data/all/135_1479426834.jpg,466,204,546,284,50
data/all/150_1479430074.jpg,489,221,563,296,10
data/all/145_1479427584.jpg,360,17,430,89,10
data/all/140_1479427362.jpg,8,109,87,193,50
data/all/140_1479427146.jpg,504,263,588,347,25
data/all/145_1479427830.jpg,292,169,368,244,10
data/all/150_1479430020.jpg,45,52,141,147,100
data/all/150_1479429630.jpg,105,110,168,180,10
data/all/145_1479429018.jpg,541,293,600,361,10
data/all/135_1479426972.jpg,442,293,524,373,50
data/all/135_1479426990.jpg,398,94,470,164,10
data/all/145_1479428880.jpg,231,387,308,459,5
data/all/150_1479430062.jpg,229,133,300,204,10
data/all/135_1479426948.jpg,171,225,251,307,50
data/all/150_1479430284.jpg,331,322,417,408,25
data/all/145_1479427752.jpg,520,311,601,390,50
data/all/150_1479430326.jpg,508,124,590,208,25
data/all/145_1479427584.jpg,483,74,562,151,50
data/all/150_1479430056.jpg,517,276,609,365,100
data/all/145_1479427878.jpg,261,10,333,84,10
data/all/145_1479428904.jpg,40,138,121,222,25
data/all/150_1479429756.jpg,339,117,428,202,50
data/all/145_1479427626.jpg,134,212,210,288,5
data/all/150_1479430080.jpg,256,64,330,136,10
data/all/150_1479430014.jpg,168,336,264,427,100
data/all/140_1479427440.jpg,327,327,411,407,5
data/all/150_1479429744.jpg,439,253,516,328,50
data/all/145_1479428892.jpg,474,58,542,132,5
data/all/150_1479430092.jpg,186,181,264,258,10
data/all/150_1479430122.jpg,480,245,566,330,25
data/all/145_1479427572.jpg,443,9,521,84,50
data/all/145_1479428874.jpg,386,252,448,322,10
data/all/150_1479429534.jpg,324,193,401,278,5
data/all/150_1479429684.jpg,98,106,168,175,10
data/all/150_1479429822.jpg,486,238,581,334,100
data/all/150_1479429492.jpg,472,52,539,123,5
data/all/140_1479427410.jpg,241,255,325,339,50
data/all/150_1479430128.jpg,220,275,316,368,100
data/all/145_1479427812.jpg,534,125,603,199,10
data/all/145_1479429024.jpg,14,180,93,264,25
data/all/135_1479426078.jpg,154,110,227,180,10
data/all/150_1479429594.jpg,123,201,206,287,25
data/all/140_1479427446.jpg,527,227,596,299,10
data/all/150_1479429492.jpg,348,305,427,391,25
data/all/150_1479429600.jpg,227,260,296,327,10
data/all/150_1479430386.jpg,180,332,271,417,25
data/all/145_1479428898.jpg,253,116,325,200,10
data/all/150_1479429570.jpg,41,86,107,162,10
data/all/150_1479429792.jpg,64,392,160,479,25
data/all/135_1479426888.jpg,148,112,221,185,10
data/all/145_1479427650.jpg,147,123,228,202,50
data/all/140_1479427428.jpg,163,160,244,242,5
data/all/145_1479427812.jpg,197,391,272,461,10
data/all/145_1479428886.jpg,164,110,224,171,10
data/all/145_1479427554.jpg,358,122,438,197,50
data/all/145_1479428958.jpg,536,12,606,81,5
data/all/145_1479428946.jpg,536,11,607,81,5
data/all/140_1479427122.jpg,379,118,461,202,50
data/all/150_1479429852.jpg,377,325,457,405,50
data/all/150_1479429732.jpg,252,254,333,330,50
data/all/150_1479429522.jpg,40,161,99,230,10
data/all/150_1479429756.jpg,433,156,517,243,25
data/all/150_1479429654.jpg,525,123,582,201,10
data/all/150_1479430302.jpg,62,57,149,143,25
data/all/145_1479427812.jpg,292,167,369,245,10
data/all/140_1479427182.jpg,259,89,346,176,50
data/all/150_1479429624.jpg,277,359,348,426,10
data/all/150_1479429762.jpg,428,153,517,244,25
data/all/150_1479429786.jpg,393,326,484,417,25
data/all/145_1479427788.jpg,367,94,446,172,5
data/all/140_1479427176.jpg,173,165,261,252,25
data/all/150_1479430356.jpg,43,189,119,268,50
data/all/140_1479427320.jpg,388,231,462,301,10
data/all/150_1479429690.jpg,256,370,328,433,10
data/all/150_1479429528.jpg,125,201,203,283,25
data/all/140_1479427398.jpg,377,173,448,245,10
data/all/150_1479429582.jpg,282,359,344,427,10
data/all/145_1479428898.jpg,471,61,546,132,5
data/all/150_1479429618.jpg,435,118,500,194,5
data/all/145_1479427590.jpg,443,108,521,187,50
data/all/145_1479427710.jpg,551,109,621,181,10
data/all/145_1479428850.jpg,293,117,349,184,10
data/all/150_1479430110.jpg,426,266,513,353,25
data/all/145_1479429006.jpg,210,217,277,297,25
data/all/145_1479427926.jpg,348,210,426,288,25
data/all/150_1479429618.jpg,513,305,457,238,10
data/all/145_1479427758.jpg,100,278,173,356,10
data/all/145_1479429006.jpg,543,305,608,351,10
data/all/150_1479429570.jpg,124,201,207,282,25
data/all/150_1479429576.jpg,304,104,376,179,10
data/all/145_1479429006.jpg,529,112,592,174,10
data/all/150_1479429666.jpg,408,73,479,142,10
data/all/150_1479429546.jpg,41,11,110,76,10
data/all/150_1479430140.jpg,495,236,580,320,25
data/all/150_1479429810.jpg,302,354,393,439,25
data/all/145_1479427644.jpg,321,32,402,109,50
data/all/150_1479429690.jpg,116,410,42,348,10
data/all/145_1479427854.jpg,470,22,548,99,5
data/all/145_1479427794.jpg,480,45,551,117,10
data/all/145_1479427902.jpg,369,10,449,87,5
data/all/150_1479429582.jpg,231,257,300,329,10
data/all/135_1479426888.jpg,204,29,290,110,5
data/all/135_1479426852.jpg,513,164,581,235,10
data/all/140_1479427314.jpg,354,384,272,304,50
data/all/145_1479427848.jpg,198,394,271,463,10
data/all/145_1479428880.jpg,546,244,615,315,10
data/all/150_1479430290.jpg,501,45,580,123,50
data/all/140_1479427452.jpg,187,279,272,364,50
data/all/140_1479427446.jpg,188,281,272,364,50
data/all/145_1479427656.jpg,32,227,107,296,10
data/all/145_1479427710.jpg,345,375,415,445,10
data/all/150_1479429558.jpg,261,314,328,383,10
data/all/140_1479427464.jpg,502,139,569,203,10
data/all/150_1479430296.jpg,399,126,487,215,25
data/all/145_1479427584.jpg,158,332,235,407,50
data/all/150_1479429768.jpg,238,366,333,451,25
data/all/150_1479430392.jpg,469,93,555,177,25
data/all/140_1479427212.jpg,462,238,537,313,5
data/all/150_1479429522.jpg,452,186,517,249,10
data/all/150_1479429636.jpg,292,189,362,258,5
data/all/140_1479427290.jpg,243,18,328,99,5
data/all/135_1479426966.jpg,519,225,594,296,10
data/all/150_1479429498.jpg,154,139,225,209,10
data/all/150_1479430080.jpg,238,159,313,234,10
data/all/150_1479429828.jpg,468,145,556,231,25
data/all/135_1479426834.jpg,258,364,330,434,10
data/all/150_1479430104.jpg,426,263,512,353,25
data/all/150_1479429648.jpg,42,349,116,413,10
data/all/145_1479427794.jpg,219,36,306,119,5
data/all/140_1479427242.jpg,502,244,581,321,5
data/all/150_1479429510.jpg,452,184,521,251,10
data/all/150_1479430020.jpg,443,93,511,160,10
data/all/150_1479429636.jpg,29,210,93,270,10
data/all/150_1479429504.jpg,149,143,222,196,10
data/all/145_1479427680.jpg,85,104,154,171,10
data/all/150_1479429828.jpg,289,324,388,415,100
data/all/150_1479429996.jpg,105,260,200,355,100
data/all/145_1479429018.jpg,442,57,495,114,10
data/all/150_1479429600.jpg,383,349,443,417,10
data/all/150_1479430326.jpg,230,181,310,261,50
data/all/145_1479428874.jpg,369,112,440,184,10
data/all/145_1479427830.jpg,529,323,610,403,5
data/all/140_1479427404.jpg,407,72,489,153,50
data/all/150_1479429588.jpg,411,238,487,315,5
data/all/145_1479427806.jpg,192,121,275,203,5
data/all/145_1479427590.jpg,452,18,518,83,10
data/all/145_1479427704.jpg,552,110,621,178,10
data/all/145_1479428856.jpg,89,247,149,312,10
data/all/140_1479427404.jpg,531,208,602,281,10
data/all/150_1479429774.jpg,66,391,154,476,25
data/all/140_1479427260.jpg,210,217,289,299,5
data/all/150_1479430098.jpg,368,42,439,116,10
data/all/145_1479429012.jpg,532,104,586,165,10
data/all/150_1479430320.jpg,444,276,358,189,25
data/all/135_1479426936.jpg,411,122,495,201,50
data/all/145_1479427788.jpg,496,373,575,449,5
data/all/150_1479429576.jpg,45,347,111,418,10
data/all/140_1479427380.jpg,7,111,88,190,50
data/all/140_1479427332.jpg,337,157,416,231,10
data/all/145_1479427794.jpg,387,213,478,302,25
data/all/140_1479427362.jpg,498,178,571,250,10
data/all/145_1479427806.jpg,290,167,372,241,10
data/all/145_1479427674.jpg,228,309,298,373,10
data/all/140_1479427320.jpg,63,227,143,310,50
data/all/135_1479426900.jpg,344,9,420,80,10
data/all/150_1479430230.jpg,337,190,419,269,50
data/all/135_1479426840.jpg,59,105,138,186,50
data/all/145_1479427908.jpg,459,108,530,178,10
data/all/145_1479427608.jpg,559,192,625,259,10
data/all/150_1479429702.jpg,375,257,435,319,10
data/all/150_1479429570.jpg,41,307,107,380,10
data/all/145_1479428856.jpg,153,297,221,366,5
data/all/150_1479429678.jpg,409,73,469,136,10
data/all/150_1479430272.jpg,357,163,445,249,25
data/all/140_1479427296.jpg,492,52,563,121,10
data/all/135_1479426906.jpg,385,76,469,154,5
data/all/150_1479430068.jpg,228,134,300,205,10
data/all/145_1479428874.jpg,218,302,301,387,25
data/all/145_1479427896.jpg,63,226,141,305,5
data/all/140_1479427332.jpg,269,299,354,382,50
data/all/140_1479427140.jpg,96,57,180,137,50
data/all/135_1479426930.jpg,478,182,561,264,5
data/all/150_1479430116.jpg,437,353,520,436,25
data/all/145_1479427866.jpg,52,390,121,459,10
data/all/150_1479429528.jpg,47,14,106,82,10
data/all/145_1479428880.jpg,511,340,588,415,25
data/all/145_1479427548.jpg,378,205,455,280,5
data/all/140_1479427464.jpg,32,82,106,155,5
data/all/140_1479427416.jpg,319,47,402,130,50
data/all/145_1479429018.jpg,220,165,284,215,10
data/all/140_1479427158.jpg,392,308,472,387,50
data/all/145_1479427818.jpg,532,231,611,310,5
data/all/150_1479430044.jpg,161,63,237,136,10
data/all/145_1479427680.jpg,449,225,518,294,10
data/all/150_1479429606.jpg,180,50,253,122,5
data/all/150_1479429528.jpg,48,91,119,152,10
data/all/140_1479427416.jpg,161,157,244,238,5
data/all/145_1479428862.jpg,46,281,110,348,10
data/all/150_1479429966.jpg,384,290,456,363,10
data/all/150_1479429984.jpg,103,261,202,355,100
data/all/145_1479428904.jpg,160,107,230,177,10
data/all/150_1479429546.jpg,24,266,87,323,10
data/all/135_1479426858.jpg,535,169,612,249,10
data/all/150_1479430386.jpg,464,224,542,301,50
data/all/140_1479427230.jpg,186,288,268,369,50
data/all/150_1479430134.jpg,496,232,580,319,25
data/all/145_1479428880.jpg,517,134,584,196,10
data/all/150_1479429582.jpg,130,56,201,127,10
data/all/145_1479428970.jpg,46,382,111,448,10
data/all/150_1479429636.jpg,48,348,110,418,10
data/all/150_1479429630.jpg,439,121,507,197,5
data/all/135_1479426918.jpg,223,190,295,263,10
data/all/145_1479427848.jpg,21,230,107,320,25
data/all/150_1479429762.jpg,242,126,338,218,25
data/all/145_1479428886.jpg,132,201,187,266,10
data/all/150_1479429798.jpg,225,190,327,287,100
data/all/135_1479426072.jpg,432,179,501,252,10
data/all/135_1479426840.jpg,273,264,348,336,10
data/all/145_1479427776.jpg,522,311,601,389,50
data/all/135_1479426846.jpg,512,161,582,238,10
data/all/135_1479426810.jpg,407,199,490,283,50
data/all/140_1479427110.jpg,325,135,403,207,10
data/all/150_1479430308.jpg,480,214,395,130,25
data/all/140_1479427122.jpg,260,282,342,362,50
data/all/145_1479427548.jpg,250,148,314,217,10
data/all/145_1479429018.jpg,97,188,169,261,10
data/all/145_1479427566.jpg,157,333,230,408,50
data/all/150_1479429594.jpg,525,157,600,227,5
data/all/145_1479428970.jpg,290,279,357,345,10
data/all/140_1479427374.jpg,460,366,531,437,10
data/all/145_1479427608.jpg,241,131,308,197,10
data/all/145_1479428982.jpg,438,54,496,115,10
data/all/150_1479430248.jpg,80,45,168,132,25
data/all/150_1479430122.jpg,432,352,523,437,25
data/all/150_1479429612.jpg,94,270,33,220,10
data/all/150_1479429696.jpg,282,168,341,230,10
data/all/150_1479430002.jpg,139,167,210,240,10
data/all/140_1479427422.jpg,488,147,405,63,50
data/all/145_1479428886.jpg,518,135,578,204,10
data/all/150_1479429600.jpg,132,362,220,451,25
data/all/145_1479428874.jpg,444,173,513,236,10
data/all/145_1479427788.jpg,20,21,111,108,25
data/all/150_1479429606.jpg,431,119,504,197,5
data/all/150_1479429594.jpg,279,356,344,426,10
data/all/145_1479427818.jpg,295,167,368,243,10
data/all/150_1479429708.jpg,244,353,327,431,50
data/all/140_1479427200.jpg,463,133,542,211,5
data/all/150_1479429540.jpg,426,267,487,334,10
data/all/135_1479426870.jpg,354,326,438,404,50
data/all/150_1479430236.jpg,418,270,337,189,50
data/all/145_1479429000.jpg,136,121,197,191,10
data/all/145_1479427668.jpg,342,243,418,316,5
data/all/145_1479427584.jpg,367,260,442,336,5
data/all/150_1479430074.jpg,240,160,316,231,10
data/all/145_1479429024.jpg,275,218,356,302,25
data/all/150_1479429984.jpg,479,362,408,294,10
data/all/140_1479427308.jpg,211,227,289,303,5
data/all/150_1479429570.jpg,322,193,409,269,5
data/all/145_1479427842.jpg,532,232,609,308,5
data/all/135_1479426834.jpg,320,245,402,323,5
data/all/145_1479427674.jpg,160,281,232,357,5
data/all/150_1479430404.jpg,465,223,544,303,50
data/all/145_1479427602.jpg,446,17,515,85,10
data/all/135_1479426810.jpg,138,273,217,354,5
data/all/150_1479429600.jpg,126,203,204,279,25
data/all/145_1479427824.jpg,317,24,406,113,25
data/all/150_1479429780.jpg,410,207,501,297,25
data/all/150_1479430296.jpg,240,320,327,404,25
data/all/145_1479428976.jpg,262,386,338,457,5
data/all/150_1479430386.jpg,88,247,167,324,50
data/all/135_1479426978.jpg,515,223,585,299,10
data/all/150_1479429636.jpg,100,110,160,175,10
data/all/145_1479428868.jpg,308,328,370,405,10
data/all/145_1479427926.jpg,180,24,253,102,5
data/all/145_1479427710.jpg,367,278,439,353,10
data/all/150_1479429564.jpg,429,161,500,229,10
data/all/145_1479428856.jpg,515,336,586,415,25
data/all/140_1479427380.jpg,90,259,172,341,50
data/all/150_1479430254.jpg,86,49,176,140,25
data/all/145_1479429000.jpg,539,12,600,80,5
data/all/145_1479429012.jpg,441,43,495,111,10
data/all/150_1479429786.jpg,21,295,112,382,25
data/all/145_1479428958.jpg,146,392,217,461,5
data/all/140_1479427380.jpg,458,137,535,213,10
data/all/140_1479427242.jpg,511,165,580,235,10
data/all/140_1479427314.jpg,387,230,466,298,10
data/all/150_1479429648.jpg,310,127,384,201,10
data/all/135_1479426822.jpg,404,64,478,136,10
data/all/145_1479427656.jpg,146,124,227,203,50
data/all/150_1479429564.jpg,125,201,205,286,25
data/all/150_1479430026.jpg,141,204,213,277,10
data/all/150_1479430014.jpg,245,279,323,351,10
data/all/140_1479427170.jpg,515,24,592,105,50
data/all/150_1479429684.jpg,256,366,327,430,10
data/all/145_1479428976.jpg,514,132,582,202,10
data/all/135_1479426882.jpg,181,86,264,169,5
data/all/145_1479429012.jpg,213,218,290,294,25
data/all/150_1479429648.jpg,448,236,520,307,10
data/all/145_1479428964.jpg,433,50,501,115,10
data/all/150_1479429798.jpg,65,384,163,472,25
data/all/150_1479430074.jpg,538,292,625,381,100
data/all/140_1479427230.jpg,288,297,377,385,25
data/all/150_1479430332.jpg,507,125,590,209,25
data/all/150_1479429648.jpg,99,110,164,179,10
data/all/150_1479430092.jpg,269,56,342,125,10
data/all/140_1479427260.jpg,323,141,410,223,50
data/all/140_1479427302.jpg,273,305,357,383,50
data/all/150_1479429504.jpg,408,184,335,127,10
data/all/150_1479429786.jpg,452,41,541,130,25
data/all/150_1479430314.jpg,425,239,503,318,50
data/all/150_1479429618.jpg,492,102,425,26,25
data/all/140_1479427458.jpg,478,172,544,235,10
data/all/145_1479427800.jpg,380,77,474,170,25
data/all/135_1479426858.jpg,209,296,283,372,10
data/all/145_1479427572.jpg,158,332,234,408,50
data/all/145_1479427590.jpg,379,319,449,390,5
data/all/145_1479427758.jpg,516,309,601,389,50
data/all/145_1479427566.jpg,535,175,602,241,10
data/all/135_1479426900.jpg,402,167,474,234,10
data/all/145_1479428910.jpg,370,101,438,168,10
data/all/140_1479427134.jpg,231,68,314,147,5
data/all/145_1479427620.jpg,8,50,81,124,5
data/all/150_1479429654.jpg,588,266,535,205,10
data/all/145_1479427536.jpg,378,65,440,131,10
data/all/150_1479429798.jpg,22,289,116,378,25
data/all/150_1479430032.jpg,370,333,444,404,10
data/all/145_1479427878.jpg,469,21,547,97,5
data/all/145_1479429006.jpg,439,201,517,280,25
data/all/135_1479426846.jpg,172,186,243,255,10
data/all/150_1479429618.jpg,233,257,296,323,10
data/all/145_1479427830.jpg,512,25,590,105,5
data/all/140_1479427188.jpg,304,97,396,182,25
data/all/140_1479427134.jpg,277,160,367,252,25
data/all/150_1479430398.jpg,461,223,547,303,50
data/all/145_1479429012.jpg,543,293,603,364,10
data/all/150_1479429624.jpg,102,108,168,179,10
data/all/135_1479426918.jpg,325,157,405,235,5
data/all/150_1479429666.jpg,24,21,87,90,10
data/all/140_1479427356.jpg,354,238,432,318,5
data/all/140_1479427350.jpg,338,111,411,185,10
data/all/150_1479429558.jpg,283,11,365,90,5
data/all/150_1479429576.jpg,357,292,430,366,10
data/all/145_1479427812.jpg,107,251,199,344,25
data/all/145_1479428898.jpg,240,223,312,287,10
data/all/140_1479427392.jpg,243,177,325,257,5
data/all/145_1479427698.jpg,525,311,600,385,50
data/all/140_1479427428.jpg,53,195,131,266,10
data/all/145_1479427566.jpg,378,199,451,275,5
data/all/140_1479427140.jpg,232,69,314,153,5
data/all/145_1479427812.jpg,340,376,426,455,50
data/all/145_1479428964.jpg,44,385,106,446,10
data/all/145_1479427824.jpg,342,376,425,455,50
data/all/140_1479427416.jpg,406,62,490,146,50
data/all/145_1479427548.jpg,123,139,201,220,50
data/all/145_1479428856.jpg,524,135,580,199,10
data/all/145_1479427854.jpg,340,374,425,456,50
data/all/135_1479426864.jpg,334,175,411,245,10
data/all/150_1479429702.jpg,154,200,235,278,50
data/all/150_1479429582.jpg,400,77,466,146,10
data/all/145_1479427644.jpg,441,251,511,320,10
data/all/135_1479426948.jpg,24,40,97,111,10
data/all/145_1479429000.jpg,516,178,574,240,10
data/all/135_1479426840.jpg,193,170,266,241,10
data/all/150_1479429558.jpg,41,80,105,167,10
data/all/145_1479427704.jpg,348,377,412,445,10
data/all/140_1479427218.jpg,326,219,398,293,10
data/all/145_1479427566.jpg,58,280,132,354,5
data/all/145_1479427542.jpg,397,196,470,268,5
data/all/150_1479430284.jpg,334,299,254,219,50
data/all/145_1479427890.jpg,368,9,449,88,5
data/all/140_1479427338.jpg,468,110,543,186,5
data/all/135_1479426942.jpg,174,224,256,306,50
data/all/150_1479429720.jpg,439,227,521,306,50
data/all/150_1479430008.jpg,65,183,136,253,10
data/all/145_1479428904.jpg,125,219,196,287,10
data/all/145_1479427632.jpg,435,250,504,317,10
data/all/150_1479429636.jpg,223,257,285,323,10
data/all/150_1479429528.jpg,22,264,85,324,10
data/all/145_1479427632.jpg,322,31,400,110,50
data/all/145_1479428880.jpg,184,241,258,313,5
data/all/150_1479429630.jpg,24,21,92,85,10
data/all/150_1479430044.jpg,233,328,309,400,10
data/all/145_1479427620.jpg,567,17,633,84,10
data/all/145_1479427662.jpg,404,327,482,401,50
data/all/145_1479428946.jpg,147,392,220,460,5
data/all/150_1479430014.jpg,440,206,514,280,10
data/all/145_1479428880.jpg,401,265,455,327,10
data/all/140_1479427164.jpg,204,269,285,348,50
data/all/145_1479427596.jpg,463,205,532,272,10
data/all/150_1479430368.jpg,387,14,466,100,50
data/all/150_1479429996.jpg,406,294,478,362,10
data/all/135_1479426876.jpg,517,41,601,121,50
data/all/140_1479427344.jpg,465,110,545,187,5
data/all/135_1479426828.jpg,329,110,408,195,50
data/all/150_1479429546.jpg,40,163,98,231,10
data/all/150_1479429546.jpg,28,361,109,436,25
data/all/135_1479426864.jpg,551,161,619,233,10
data/all/150_1479429750.jpg,125,230,214,318,25
data/all/150_1479429522.jpg,45,11,107,77,10
data/all/140_1479427194.jpg,298,97,391,188,25
data/all/150_1479429588.jpg,124,201,205,283,25
data/all/145_1479427680.jpg,291,185,370,258,5
data/all/135_1479426930.jpg,288,267,368,341,10
data/all/150_1479430260.jpg,511,85,596,172,25
data/all/140_1479427344.jpg,269,298,353,383,50
data/all/150_1479429606.jpg,138,370,214,448,25
data/all/145_1479427578.jpg,268,324,336,391,10
data/all/150_1479430356.jpg,64,273,147,351,50
data/all/150_1479429654.jpg,223,155,289,220,10
data/all/135_1479426900.jpg,376,253,465,337,50
data/all/150_1479429534.jpg,41,12,110,77,10
data/all/150_1479430374.jpg,263,22,343,99,50
data/all/150_1479429660.jpg,24,205,90,279,10
data/all/150_1479429762.jpg,237,365,329,453,25
data/all/145_1479428892.jpg,249,121,323,190,10
data/all/135_1479426810.jpg,326,273,414,355,50
data/all/140_1479427116.jpg,159,225,244,306,50
data/all/150_1479429648.jpg,201,60,275,141,50
data/all/150_1479429990.jpg,106,262,198,354,100
data/all/150_1479430230.jpg,450,333,537,415,25
data/all/140_1479427296.jpg,273,303,358,385,50
data/all/145_1479427806.jpg,197,390,271,461,10
data/all/150_1479429540.jpg,433,189,498,259,10
data/all/145_1479429006.jpg,536,15,605,88,5
data/all/150_1479429492.jpg,337,67,403,145,10
data/all/150_1479429612.jpg,229,261,301,327,10
data/all/140_1479427434.jpg,505,39,577,111,10
data/all/145_1479427872.jpg,407,337,477,407,10
data/all/140_1479427236.jpg,508,164,578,236,10
data/all/145_1479427656.jpg,449,142,527,218,5
data/all/150_1479429696.jpg,156,201,237,277,50
data/all/140_1479427386.jpg,459,134,531,213,10
data/all/140_1479427398.jpg,534,207,598,281,10
data/all/140_1479427380.jpg,521,213,592,288,10
data/all/145_1479429006.jpg,282,275,339,331,10
data/all/140_1479427122.jpg,339,238,425,322,25
data/all/150_1479430038.jpg,396,317,470,386,10
data/all/150_1479430332.jpg,260,370,338,445,50
data/all/145_1479427662.jpg,472,54,546,127,5
data/all/150_1479430278.jpg,331,323,418,408,25
data/all/150_1479430392.jpg,463,221,541,301,50
data/all/140_1479427116.jpg,347,222,434,312,25
data/all/140_1479427290.jpg,492,49,565,123,10
data/all/145_1479427686.jpg,156,286,236,367,50
data/all/150_1479430314.jpg,308,253,388,331,50
data/all/145_1479428982.jpg,521,133,579,198,10
data/all/150_1479430044.jpg,245,157,345,253,100
data/all/135_1479426840.jpg,512,134,583,208,10
data/all/150_1479429690.jpg,444,140,525,222,50
data/all/150_1479429570.jpg,355,295,426,369,10
data/all/150_1479430140.jpg,56,253,151,347,100
data/all/145_1479427590.jpg,156,333,235,408,50
data/all/145_1479427566.jpg,396,43,468,110,10
data/all/150_1479429612.jpg,100,114,171,178,10
data/all/145_1479427698.jpg,156,287,235,364,50
data/all/135_1479426906.jpg,293,172,378,258,50
data/all/140_1479427140.jpg,155,126,239,211,50
data/all/145_1479427542.jpg,32,82,103,157,5
data/all/145_1479427776.jpg,187,300,261,372,10
data/all/150_1479429732.jpg,336,238,410,318,50
data/all/145_1479428862.jpg,226,164,291,235,10
data/all/150_1479430026.jpg,266,165,341,235,10
data/all/140_1479427458.jpg,33,82,103,158,5
data/all/150_1479429792.jpg,198,109,291,202,25
data/all/145_1479428868.jpg,516,135,580,205,10
data/all/140_1479427254.jpg,402,146,471,221,10
data/all/140_1479427104.jpg,477,251,387,163,25
data/all/150_1479429546.jpg,287,10,357,88,5
data/all/140_1479427104.jpg,458,268,538,347,50
data/all/145_1479427878.jpg,170,16,249,96,5
data/all/140_1479427446.jpg,329,329,405,404,5
data/all/145_1479428946.jpg,26,34,95,99,10
data/all/150_1479429660.jpg,526,227,586,292,10
data/all/145_1479428850.jpg,155,259,227,329,5
data/all/145_1479427608.jpg,513,337,584,405,5
data/all/150_1479429528.jpg,326,197,400,262,5
data/all/140_1479427224.jpg,96,267,168,338,10
data/all/145_1479427608.jpg,315,309,390,382,5
data/all/150_1479429660.jpg,400,176,336,115,10
data/all/145_1479427710.jpg,431,18,511,101,50
data/all/150_1479429594.jpg,212,110,281,175,10
data/all/145_1479427824.jpg,530,323,609,404,5
data/all/145_1479427560.jpg,399,43,466,111,10
data/all/135_1479426876.jpg,270,145,342,215,10
data/all/145_1479427560.jpg,237,66,317,141,50
data/all/135_1479426072.jpg,286,254,383,346,100
data/all/145_1479427542.jpg,530,159,594,224,10
data/all/145_1479427752.jpg,454,218,534,297,5
data/all/145_1479428946.jpg,46,384,105,448,10
data/all/145_1479427710.jpg,521,310,604,391,50
data/all/150_1479429600.jpg,102,115,168,178,10
data/all/140_1479427440.jpg,528,228,596,298,10
data/all/140_1479427362.jpg,268,299,356,383,50
data/all/150_1479429978.jpg,325,46,396,118,10
data/all/140_1479427158.jpg,75,128,157,206,5
data/all/150_1479429606.jpg,48,347,106,414,10
data/all/150_1479430368.jpg,265,20,344,103,50
data/all/145_1479427674.jpg,285,200,361,278,5
data/all/145_1479427686.jpg,444,16,520,88,5
data/all/135_1479426816.jpg,406,65,479,140,10
data/all/140_1479427308.jpg,206,160,276,234,10
data/all/145_1479427770.jpg,224,125,306,203,5
data/all/135_1479426936.jpg,514,84,586,156,10
data/all/150_1479429498.jpg,291,346,353,425,10
data/all/150_1479429576.jpg,263,309,326,388,10
data/all/150_1479429534.jpg,534,188,593,248,10
data/all/145_1479427854.jpg,370,33,451,114,5
data/all/140_1479427260.jpg,378,294,461,376,50
data/all/145_1479427638.jpg,321,29,405,111,50
data/all/140_1479427380.jpg,318,364,402,446,5
data/all/145_1479427662.jpg,449,142,524,216,5
data/all/150_1479430122.jpg,221,275,316,368,100
data/all/145_1479427860.jpg,199,392,273,463,10
data/all/150_1479429768.jpg,455,137,547,219,25
data/all/145_1479428910.jpg,420,317,487,384,10
data/all/140_1479427452.jpg,458,75,538,157,50
data/all/135_1479426990.jpg,492,88,569,170,50
data/all/145_1479428910.jpg,470,60,543,132,5
data/all/150_1479429624.jpg,309,7,389,92,25
data/all/150_1479430086.jpg,326,138,400,212,10
data/all/135_1479426888.jpg,194,217,269,288,10
data/all/140_1479427422.jpg,53,194,126,269,10
data/all/135_1479426954.jpg,29,38,103,109,10
data/all/150_1479430086.jpg,207,108,280,181,10
data/all/145_1479428952.jpg,432,48,498,114,10
data/all/140_1479427302.jpg,453,293,533,374,50
data/all/150_1479429540.jpg,46,12,109,75,10
data/all/145_1479428904.jpg,548,241,612,308,10
data/all/145_1479427770.jpg,186,300,261,374,10
data/all/145_1479428952.jpg,264,384,337,455,5
data/all/140_1479427146.jpg,357,190,438,273,50
data/all/150_1479429768.jpg,220,283,320,377,25
data/all/145_1479428868.jpg,548,240,612,313,10
data/all/145_1479427806.jpg,532,232,611,309,5
data/all/140_1479427422.jpg,161,159,244,240,5
data/all/135_1479426078.jpg,433,179,505,250,10
data/all/150_1479429522.jpg,470,49,534,125,5
data/all/150_1479429492.jpg,370,240,433,305,10
data/all/145_1479427614.jpg,109,50,182,114,10
data/all/135_1479426846.jpg,458,223,536,306,50
data/all/145_1479428910.jpg,57,298,122,363,10
data/all/135_1479426912.jpg,425,235,504,314,5
data/all/145_1479427584.jpg,450,284,530,358,5
data/all/145_1479428958.jpg,26,34,96,102,10
data/all/150_1479430056.jpg,164,64,234,135,10
data/all/150_1479429744.jpg,223,249,302,323,50
data/all/150_1479429984.jpg,442,212,513,283,10
data/all/150_1479429606.jpg,32,208,89,270,10
data/all/150_1479429714.jpg,437,218,527,305,50
data/all/145_1479427782.jpg,364,91,446,173,5
data/all/145_1479427824.jpg,512,26,590,106,5
data/all/150_1479430266.jpg,518,180,598,260,50
data/all/145_1479428910.jpg,335,317,405,390,5
data/all/135_1479426864.jpg,492,114,570,196,50
data/all/145_1479429018.jpg,543,16,604,78,5
data/all/150_1479429684.jpg,157,201,231,280,50
data/all/150_1479429732.jpg,372,110,460,200,25
data/all/140_1479427452.jpg,330,329,410,405,5
data/all/145_1479429024.jpg,214,157,288,220,10
data/all/140_1479427182.jpg,74,204,153,285,5
data/all/150_1479429552.jpg,306,110,369,174,10
data/all/135_1479426948.jpg,343,244,423,320,5
data/all/150_1479430254.jpg,517,179,594,258,50
data/all/150_1479429552.jpg,264,313,328,382,10
data/all/145_1479427884.jpg,461,302,544,387,25
data/all/150_1479430002.jpg,170,342,264,433,100
data/all/135_1479426900.jpg,387,80,466,156,5
data/all/145_1479427884.jpg,167,391,256,477,25
data/all/145_1479428880.jpg,131,201,193,262,10
data/all/145_1479427674.jpg,181,64,259,145,50
data/all/145_1479429012.jpg,41,52,126,132,5
data/all/145_1479428976.jpg,358,278,426,346,10
data/all/140_1479427326.jpg,392,231,463,300,10
data/all/150_1479430068.jpg,519,277,607,367,100
data/all/140_1479427248.jpg,310,273,395,357,25
data/all/150_1479430404.jpg,250,112,328,190,50
data/all/150_1479429834.jpg,288,322,389,415,100
data/all/145_1479429024.jpg,294,335,363,409,10
data/all/150_1479429618.jpg,27,23,89,86,10
data/all/140_1479427380.jpg,458,366,531,434,10
data/all/150_1479429666.jpg,97,111,162,178,10
data/all/150_1479429696.jpg,322,102,388,171,10
data/all/145_1479428970.jpg,262,386,337,455,5
data/all/145_1479428856.jpg,101,174,165,241,10
data/all/145_1479428952.jpg,134,77,204,146,10
data/all/135_1479426810.jpg,403,63,476,139,10
data/all/150_1479429528.jpg,469,51,534,127,5
data/all/145_1479427776.jpg,22,23,110,111,25
data/all/150_1479429522.jpg,25,262,89,337,10
data/all/145_1479428976.jpg,415,234,482,303,10
data/all/145_1479429018.jpg,443,318,517,388,5
data/all/135_1479426924.jpg,445,272,528,353,50
data/all/150_1479430074.jpg,273,261,345,333,10
data/all/135_1479426936.jpg,480,182,558,259,5
data/all/140_1479427128.jpg,370,135,453,219,50
data/all/140_1479427224.jpg,245,84,327,164,5
data/all/140_1479427446.jpg,473,170,547,242,10
data/all/140_1479427134.jpg,156,125,241,210,50
data/all/140_1479427440.jpg,52,192,127,264,10
data/all/145_1479427848.jpg,342,376,426,456,50
data/all/145_1479427842.jpg,21,229,109,319,25
data/all/140_1479427308.jpg,118,274,188,349,10
data/all/145_1479427800.jpg,221,33,304,117,5
data/all/140_1479427398.jpg,407,71,491,151,50
data/all/145_1479427830.jpg,198,393,271,461,10
data/all/150_1479429600.jpg,28,24,87,88,10
data/all/145_1479427800.jpg,193,121,275,204,5
data/all/145_1479427704.jpg,372,283,435,350,10
data/all/140_1479427356.jpg,498,177,567,249,10
data/all/150_1479429492.jpg,436,236,502,298,10
data/all/150_1479430278.jpg,398,137,484,222,25
data/all/150_1479429570.jpg,305,106,370,175,10
data/all/145_1479427644.jpg,361,191,438,269,50
data/all/145_1479427596.jpg,282,311,358,387,50
data/all/140_1479427266.jpg,373,305,456,388,50
data/all/140_1479427176.jpg,512,25,592,107,50
data/all/140_1479427296.jpg,238,19,328,99,5
data/all/145_1479428850.jpg,377,233,452,318,25
data/all/150_1479429810.jpg,175,245,273,343,100
data/all/140_1479427194.jpg,476,134,554,213,5
data/all/145_1479427806.jpg,341,373,426,457,50
data/all/150_1479429516.jpg,332,57,396,117,10
data/all/145_1479427608.jpg,145,123,223,196,5
data/all/145_1479428976.jpg,433,50,501,116,10
data/all/150_1479429594.jpg,227,259,298,321,10
data/all/140_1479427248.jpg,188,287,273,369,50
data/all/150_1479430068.jpg,474,206,546,276,10
data/all/145_1479428868.jpg,231,384,302,456,5
data/all/150_1479430128.jpg,433,354,522,437,25
data/all/150_1479430398.jpg,321,251,409,338,25
data/all/150_1479429510.jpg,193,202,263,280,10
data/all/140_1479427398.jpg,460,206,543,283,5
data/all/145_1479427578.jpg,438,104,512,177,10
data/all/150_1479429978.jpg,101,261,198,354,100
data/all/150_1479429636.jpg,459,236,519,303,10
data/all/150_1479429714.jpg,196,76,279,154,50
data/all/150_1479429654.jpg,392,115,448,187,10
data/all/150_1479429642.jpg,95,275,32,206,10
data/all/150_1479430128.jpg,465,90,550,173,25
data/all/145_1479427860.jpg,52,389,121,460,10
data/all/145_1479427668.jpg,450,144,525,216,5
data/all/150_1479429780.jpg,35,84,128,173,25
data/all/135_1479426852.jpg,398,282,480,360,50
data/all/150_1479430038.jpg,254,150,352,246,100
data/all/145_1479427812.jpg,530,326,608,403,5
data/all/145_1479428874.jpg,514,132,581,196,10
data/all/135_1479426966.jpg,355,229,428,300,10
data/all/145_1479429024.jpg,100,184,165,252,10
data/all/135_1479426930.jpg,188,291,264,365,10
data/all/140_1479427320.jpg,210,230,291,311,5
data/all/140_1479427428.jpg,46,74,127,156,50
data/all/150_1479429594.jpg,135,366,217,445,25
data/all/145_1479428982.jpg,204,258,271,320,10
data/all/150_1479429552.jpg,125,201,202,279,25
data/all/150_1479429564.jpg,259,317,331,382,10
data/all/150_1479429588.jpg,229,260,305,328,10
data/all/135_1479426930.jpg,410,123,496,206,50
data/all/150_1479430074.jpg,257,65,331,138,10
data/all/135_1479426072.jpg,137,275,218,350,5
data/all/135_1479426966.jpg,504,147,583,226,5
data/all/145_1479427872.jpg,46,46,134,138,25
data/all/145_1479427824.jpg,602,198,533,128,10
data/all/150_1479429624.jpg,45,350,119,413,10
data/all/145_1479427818.jpg,381,79,472,171,25
data/all/150_1479430140.jpg,448,333,532,417,25
data/all/150_1479429630.jpg,202,84,279,166,50
data/all/135_1479426852.jpg,449,92,535,173,50
data/all/135_1479426864.jpg,430,150,506,222,10
data/all/150_1479429552.jpg,245,207,300,273,10
data/all/145_1479427620.jpg,558,193,624,260,10
data/all/140_1479427386.jpg,7,109,86,192,50
data/all/140_1479427206.jpg,470,245,547,320,5
data/all/145_1479428982.jpg,319,143,384,206,10
data/all/135_1479426960.jpg,481,159,558,236,5
data/all/145_1479427770.jpg,531,209,609,287,5
data/all/140_1479427242.jpg,309,271,395,358,25
data/all/150_1479429552.jpg,283,10,357,86,5
data/all/150_1479429582.jpg,526,157,598,230,5
data/all/150_1479429624.jpg,381,348,443,412,10
data/all/140_1479427200.jpg,327,338,238,257,50
data/all/150_1479429546.jpg,241,209,306,276,10
data/all/145_1479427560.jpg,33,83,107,157,5
data/all/140_1479427248.jpg,504,244,581,322,5
data/all/150_1479429570.jpg,397,76,465,148,10
data/all/150_1479429606.jpg,297,327,230,261,10
data/all/150_1479429984.jpg,196,202,268,272,10
data/all/140_1479427380.jpg,537,65,616,144,5
data/all/145_1479427536.jpg,529,162,594,224,10
data/all/140_1479427254.jpg,503,243,581,320,5
data/all/145_1479428862.jpg,513,133,580,201,10
data/all/150_1479429606.jpg,24,20,87,92,10
data/all/150_1479429588.jpg,28,22,88,87,10
data/all/145_1479428970.jpg,432,48,500,118,10
data/all/145_1479427920.jpg,500,283,577,360,25
data/all/150_1479429678.jpg,96,109,158,175,10
data/all/150_1479430032.jpg,55,45,148,141,100
data/all/150_1479430248.jpg,271,56,361,146,25
data/all/150_1479429684.jpg,24,19,85,87,10
data/all/145_1479427566.jpg,236,63,315,144,50
data/all/145_1479428964.jpg,38,138,121,222,25
data/all/150_1479429552.jpg,437,193,489,255,10
data/all/150_1479430230.jpg,497,234,586,320,25
data/all/145_1479427626.jpg,566,18,631,85,10
data/all/150_1479429594.jpg,413,240,487,311,5
data/all/145_1479427572.jpg,313,263,390,337,5
data/all/145_1479427836.jpg,198,393,271,462,10
data/all/150_1479429570.jpg,29,206,95,278,10
data/all/145_1479428874.jpg,231,385,301,457,5
data/all/140_1479427302.jpg,176,126,251,199,10
data/all/145_1479428946.jpg,291,247,373,328,25
